-1.112927198410034180e+00,3.308705389499664307e-01,-8.441216349601745605e-01,4.771263599395751953e-01,-9.673243165016174316e-01,1.385344147682189941e+00
-1.308951020240783691e+00,6.154842972755432129e-01,-3.908205926418304443e-01,2.508009970188140869e-01,-1.282390713691711426e+00,1.307985067367553711e+00
-1.532079458236694336e+00,8.250209689140319824e-01,8.404777199029922485e-02,4.935058578848838806e-02,-1.582426428794860840e+00,1.172837495803833008e+00
-1.538824677467346191e+00,8.008383512496948242e-01,-1.213414818048477173e-01,8.875848352909088135e-02,-1.545153737068176270e+00,1.204164624214172363e+00
-1.467796802520751953e+00,6.018946766853332520e-01,-6.384238004684448242e-01,2.978752255439758301e-01,-1.329353809356689453e+00,1.286862492561340332e+00
-1.180413842201232910e+00,2.607343792915344238e-01,-1.056166529655456543e+00,5.611571669578552246e-01,-9.350590109825134277e-01,1.346278667449951172e+00
-7.693185210227966309e-01,-5.546243116259574890e-02,-1.355815887451171875e+00,7.380557656288146973e-01,-5.335930585861206055e-01,1.365847945213317871e+00
-7.871378660202026367e-01,1.476075053215026855e-01,-9.514074325561523438e-01,5.634453892707824707e-01,-7.176069617271423340e-01,1.443570733070373535e+00
-7.652118802070617676e-01,3.718497157096862793e-01,-3.400499224662780762e-01,3.829720616340637207e-01,-9.188426733016967773e-01,1.427638292312622070e+00
-8.219454288482666016e-01,4.007749855518341064e-01,-3.233992159366607666e-01,3.668707311153411865e-01,-9.575351476669311523e-01,1.415486812591552734e+00
-1.083813667297363281e+00,1.368899494409561157e-01,-1.212587833404541016e+00,6.548665165901184082e-01,-7.973987460136413574e-01,1.342492461204528809e+00
-1.330119848251342773e+00,-2.516324520111083984e-01,-1.939325571060180664e+00,1.149002909660339355e+00,-4.779004156589508057e-01,1.014584064483642578e+00
-1.502221703529357910e+00,7.515640556812286377e-02,-1.578544378280639648e+00,8.562639355659484863e-01,-8.903655409812927246e-01,1.160749435424804688e+00
-1.655389666557312012e+00,6.587522029876708984e-01,-6.754242181777954102e-01,2.682421207427978516e-01,-1.455890417098999023e+00,1.246310830116271973e+00
-1.694947838783264160e+00,8.132132291793823242e-01,-3.864884078502655029e-01,1.114748269319534302e-01,-1.611998200416564941e+00,1.196318745613098145e+00
-1.771236419677734375e+00,7.299662828445434570e-01,-6.368319392204284668e-01,2.114658057689666748e-01,-1.570241212844848633e+00,1.212092399597167969e+00
-1.855416655540466309e+00,6.351761817932128906e-01,-9.630016684532165527e-01,3.473585844039916992e-01,-1.546259760856628418e+00,1.184268593788146973e+00
-1.546672582626342773e+00,5.180265307426452637e-01,-8.449190258979797363e-01,3.907986283302307129e-01,-1.291065812110900879e+00,1.281574487686157227e+00
-1.166707873344421387e+00,4.615134298801422119e-01,-6.449315547943115234e-01,3.758828938007354736e-01,-1.097670793533325195e+00,1.361375808715820312e+00
-1.237860798835754395e+00,4.349272847175598145e-01,-7.677819728851318359e-01,4.136568903923034668e-01,-1.099300980567932129e+00,1.350666880607604980e+00
-1.319375157356262207e+00,3.996491432189941406e-01,-8.690184354782104492e-01,4.560216069221496582e-01,-1.098554730415344238e+00,1.340095400810241699e+00
-1.248054981231689453e+00,4.625771045684814453e-01,-7.234734892845153809e-01,3.907972276210784912e-01,-1.126566410064697266e+00,1.346080183982849121e+00
-1.151934623718261719e+00,5.197762250900268555e-01,-4.585814476013183594e-01,3.162515759468078613e-01,-1.144760251045227051e+00,1.353976488113403320e+00
-1.095263242721557617e+00,5.000769495964050293e-01,-4.353047311305999756e-01,3.241854012012481689e-01,-1.110636353492736816e+00,1.365599155426025391e+00
-9.895816445350646973e-01,2.158941924571990967e-01,-9.691283106803894043e-01,5.491079688072204590e-01,-8.330050706863403320e-01,1.402045607566833496e+00
-7.857341170310974121e-01,-2.123343050479888916e-01,-1.610015153884887695e+00,8.839172720909118652e-01,-3.853948116302490234e-01,1.280820369720458984e+00
-8.089171648025512695e-01,-2.556449472904205322e-01,-1.695882916450500488e+00,9.368940591812133789e-01,-3.424074947834014893e-01,1.240570664405822754e+00
-9.279933571815490723e-01,-1.333905756473541260e-01,-1.564277768135070801e+00,8.656465411186218262e-01,-5.004952549934387207e-01,1.274846911430358887e+00
-1.069022417068481445e+00,-1.991291344165802002e-02,-1.470362544059753418e+00,8.080435991287231445e-01,-6.504799723625183105e-01,1.282029986381530762e+00
-1.526084542274475098e+00,1.258156001567840576e-01,-1.521634340286254883e+00,8.102672100067138672e-01,-9.482765197753906250e-01,1.175351738929748535e+00
-2.129504442214965820e+00,3.623334765434265137e-01,-1.568780899047851562e+00,7.143951058387756348e-01,-1.470661401748657227e+00,1.058265566825866699e+00
-2.258228778839111328e+00,4.521220326423645020e-01,-1.553987026214599609e+00,6.429733037948608398e-01,-1.633709669113159180e+00,1.047121405601501465e+00
-2.219349861145019531e+00,7.226997613906860352e-01,-1.141440153121948242e+00,3.228743076324462891e-01,-1.840102195739746094e+00,1.088410258293151855e+00
-2.008880138397216797e+00,1.015208840370178223e+00,-2.481459528207778931e-01,-7.797709107398986816e-02,-1.939594864845275879e+00,1.091990590095520020e+00
-1.930405855178833008e+00,1.029796123504638672e+00,-7.969902455806732178e-02,-1.151955053210258484e-01,-1.926063299179077148e+00,1.072479367256164551e+00
-1.634189844131469727e+00,8.640208840370178223e-01,-7.666820287704467773e-02,3.210438787937164307e-02,-1.645647406578063965e+00,1.163147211074829102e+00
-1.251817345619201660e+00,6.542808413505554199e-01,-5.199790745973587036e-02,1.919566243886947632e-01,-1.317647814750671387e+00,1.282074093818664551e+00
-1.070613145828247070e+00,5.480151772499084473e-01,-1.521398425102233887e-01,2.701223194599151611e-01,-1.161442518234252930e+00,1.343136668205261230e+00
-6.960998177528381348e-01,3.199161291122436523e-01,-4.420288503170013428e-01,4.156145751476287842e-01,-8.532375693321228027e-01,1.446422815322875977e+00
-4.501622915267944336e-01,1.642823517322540283e-01,-6.561003327369689941e-01,4.977686405181884766e-01,-6.638832688331604004e-01,1.486419200897216797e+00
-1.222161650657653809e+00,5.979725122451782227e-01,-2.909809648990631104e-01,2.502478957176208496e-01,-1.240835428237915039e+00,1.320845484733581543e+00
-1.301135182380676270e+00,5.559020638465881348e-01,-5.613281130790710449e-01,3.112556934356689453e-01,-1.225883603096008301e+00,1.323999166488647461e+00
-1.358917832374572754e+00,4.871922731399536133e-01,-7.673764824867248535e-01,3.880882561206817627e-01,-1.188403367996215820e+00,1.322452545166015625e+00
-1.494008898735046387e+00,5.951517820358276367e-01,-6.734378337860107422e-01,3.085896074771881104e-01,-1.333783745765686035e+00,1.284073114395141602e+00
-1.760799288749694824e+00,8.287083506584167480e-01,-4.119176864624023438e-01,1.037146747112274170e-01,-1.651016473770141602e+00,1.189109325408935547e+00
-1.848819613456726074e+00,9.050632119178771973e-01,-3.206931054592132568e-01,2.905268967151641846e-02,-1.759916543960571289e+00,1.151837348937988281e+00
-1.413958191871643066e+00,4.572069048881530762e-01,-8.487870693206787109e-01,4.232624471187591553e-01,-1.184272646903991699e+00,1.314920544624328613e+00
-5.917912125587463379e-01,-9.007438272237777710e-02,-1.334439873695373535e+00,7.208320498466491699e-01,-4.579918682575225830e-01,1.397430181503295898e+00
-5.201689004898071289e-01,-1.733783781528472900e-01,-1.455133914947509766e+00,7.704412937164306641e-01,-3.600054383277893066e-01,1.373543500900268555e+00
-9.747039675712585449e-01,1.289530424401164055e-03,-1.369305253028869629e+00,7.498725056648254395e-01,-6.434355378150939941e-01,1.328499317169189453e+00
-1.505838632583618164e+00,2.907671928405761719e-01,-1.268343925476074219e+00,6.330354213714599609e-01,-1.088654041290283203e+00,1.241978883743286133e+00
-1.438261985778808594e+00,2.762688398361206055e-01,-1.244684457778930664e+00,6.291570067405700684e-01,-1.047967910766601562e+00,1.261354327201843262e+00
-1.025416254997253418e+00,1.093294098973274231e-01,-1.220847964286804199e+00,6.630287170410156250e-01,-7.546572685241699219e-01,1.352028489112854004e+00
-6.731670498847961426e-01,1.272689551115036011e-02,-1.182735204696655273e+00,6.556922197341918945e-01,-5.720645785331726074e-01,1.419210672378540039e+00
-8.816273212432861328e-01,9.208745509386062622e-02,-1.161239981651306152e+00,6.389004588127136230e-01,-6.962778568267822266e-01,1.388663649559020996e+00
-1.596484422683715820e+00,4.546033740043640137e-01,-1.064667463302612305e+00,4.846335053443908691e-01,-1.267571806907653809e+00,1.246461391448974609e+00
-2.103395700454711914e+00,7.311302423477172852e-01,-1.021847844123840332e+00,2.897926867008209229e-01,-1.770924329757690430e+00,1.117382526397705078e+00
-1.939203143119812012e+00,5.552461147308349609e-01,-1.164835572242736816e+00,4.549815058708190918e-01,-1.526696920394897461e+00,1.153934478759765625e+00
-1.285000562667846680e+00,2.373143099248409271e-02,-1.537756085395812988e+00,8.417404294013977051e-01,-7.598084211349487305e-01,1.217948198318481445e+00
-8.938382863998413086e-01,-2.398932278156280518e-01,-1.722431778907775879e+00,9.601678252220153809e-01,-3.762134015560150146e-01,1.214169502258300781e+00
-9.757886528968811035e-01,-1.467853039503097534e-01,-1.618559002876281738e+00,9.000732898712158203e-01,-4.974376559257507324e-01,1.245335221290588379e+00
-1.105765342712402344e+00,-5.126067902892827988e-03,-1.471388339996337891e+00,8.072630763053894043e-01,-6.753416657447814941e-01,1.274776577949523926e+00
-1.409471154212951660e+00,2.729268968105316162e-01,-1.229308128356933594e+00,6.242351531982421875e-01,-1.033419966697692871e+00,1.270476579666137695e+00
-1.922392845153808594e+00,7.823054194450378418e-01,-7.055303454399108887e-01,1.820121854543685913e-01,-1.697675347328186035e+00,1.163339376449584961e+00
-2.144797801971435547e+00,1.000295400619506836e+00,-4.865548312664031982e-01,-3.610577061772346497e-02,-2.008338928222656250e+00,1.079094052314758301e+00
-2.183678388595581055e+00,8.613708615303039551e-01,-8.402045965194702148e-01,1.437994092702865601e-01,-1.925556540489196777e+00,1.093849778175354004e+00
-2.164139747619628906e+00,5.941392779350280762e-01,-1.282923936843872070e+00,4.599098265171051025e-01,-1.695268392562866211e+00,1.094480991363525391e+00
-2.107747077941894531e+00,5.764356851577758789e-01,-1.263024687767028809e+00,4.679436087608337402e-01,-1.644445538520812988e+00,1.107789635658264160e+00
-1.911455035209655762e+00,6.615734100341796875e-01,-9.662233591079711914e-01,3.296562135219573975e-01,-1.598931431770324707e+00,1.169027090072631836e+00
-1.753119468688964844e+00,6.729512810707092285e-01,-7.463668584823608398e-01,2.706826031208038330e-01,-1.516676664352416992e+00,1.218381166458129883e+00
-1.607921361923217773e+00,6.695158481597900391e-01,-6.173126697540283203e-01,2.512365877628326416e-01,-1.444439291954040527e+00,1.252956867218017578e+00
-1.264991641044616699e+00,6.148207783699035645e-01,-3.102203309535980225e-01,2.416210174560546875e-01,-1.268968820571899414e+00,1.311594247817993164e+00
-1.050779223442077637e+00,5.333189964294433594e-01,-1.851654797792434692e-01,2.815306484699249268e-01,-1.140235066413879395e+00,1.351883411407470703e+00
-9.426527023315429688e-01,4.660605788230895996e-01,-2.742632329463958740e-01,3.276870846748352051e-01,-1.046438932418823242e+00,1.386116623878479004e+00
-7.594572901725769043e-01,3.505358397960662842e-01,-4.286774098873138428e-01,4.001450836658477783e-01,-8.938991427421569824e-01,1.434592843055725098e+00
-7.743783593177795410e-01,3.178521990776062012e-01,-5.744481682777404785e-01,4.302539229393005371e-01,-8.638856410980224609e-01,1.438263058662414551e+00
-1.287231683731079102e+00,2.588508129119873047e-01,-1.155747175216674805e+00,5.999388694763183594e-01,-9.735797643661499023e-01,1.309553742408752441e+00
-1.894008159637451172e+00,8.066285401582717896e-02,-1.770736098289489746e+00,9.664500951766967773e-01,-1.073707580566406250e+00,1.021245002746582031e+00
-1.970125198364257812e+00,9.941779822111129761e-02,-1.792765855789184570e+00,9.682388305664062500e-01,-1.131646513938903809e+00,1.005343198776245117e+00
-1.970688343048095703e+00,2.716467976570129395e-01,-1.577524900436401367e+00,7.751964330673217773e-01,-1.296185255050659180e+00,1.077730536460876465e+00
-1.923706889152526855e+00,4.680773615837097168e-01,-1.282687187194824219e+00,5.476270914077758789e-01,-1.444239854812622070e+00,1.145642995834350586e+00
-1.906589031219482422e+00,5.614626407623291016e-01,-1.130256414413452148e+00,4.409340322017669678e-01,-1.513669610023498535e+00,1.164257168769836426e+00
-1.875016331672668457e+00,7.656449675559997559e-01,-6.780909895896911621e-01,1.907290667295455933e-01,-1.655803799629211426e+00,1.179972171783447266e+00
-1.833685040473937988e+00,9.206528663635253906e-01,-2.651744484901428223e-01,7.842628285288810730e-03,-1.770770430564880371e+00,1.141872167587280273e+00
-1.868143200874328613e+00,9.585481286048889160e-01,-2.047417312860488892e-01,-3.323904052376747131e-02,-1.823577761650085449e+00,1.119741439819335938e+00
-1.920918822288513184e+00,1.000994682312011719e+00,-1.520968824625015259e-01,-7.796933501958847046e-02,-1.887791156768798828e+00,1.096050024032592773e+00
-1.961730122566223145e+00,1.006226301193237305e+00,-1.979608237743377686e-01,-7.614652812480926514e-02,-1.908324718475341797e+00,1.096898317337036133e+00
-2.118068218231201172e+00,9.373802542686462402e-01,-5.984600782394409180e-01,3.518346324563026428e-02,-1.941096663475036621e+00,1.095820784568786621e+00
-2.214062690734863281e+00,8.315117955207824707e-01,-9.512926340103149414e-01,1.911612898111343384e-01,-1.925478458404541016e+00,1.087339282035827637e+00
-1.787308812141418457e+00,6.117731928825378418e-01,-9.424046874046325684e-01,3.581184148788452148e-01,-1.490545511245727539e+00,1.203484058380126953e+00
-9.936837553977966309e-01,2.169332206249237061e-01,-9.706963896751403809e-01,5.492088794708251953e-01,-8.351721763610839844e-01,1.400918602943420410e+00
-8.632254004478454590e-01,1.189625635743141174e-01,-1.094434738159179688e+00,6.098133921623229980e-01,-7.144208550453186035e-01,1.403620243072509766e+00
-1.434433341026306152e+00,1.385671347379684448e-01,-1.453483700752258301e+00,7.702534198760986328e-01,-9.233590960502624512e-01,1.214591383934020996e+00
-1.806854724884033203e+00,1.845698803663253784e-01,-1.592640995979309082e+00,8.265435695648193359e-01,-1.130326628684997559e+00,1.099503755569458008e+00
-1.594192624092102051e+00,3.896581232547760010e-01,-1.172539353370666504e+00,5.528871417045593262e-01,-1.212205648422241211e+00,1.236018419265747070e+00
-1.348837852478027344e+00,5.362192988395690918e-01,-6.637269854545593262e-01,3.405486941337585449e-01,-1.226577520370483398e+00,1.318410634994506836e+00
-9.414518475532531738e-01,2.666366994380950928e-01,-8.421780467033386230e-01,4.994519650936126709e-01,-8.601797819137573242e-01,1.418544173240661621e+00
-6.463834643363952637e-01,2.514695823192596436e-01,-6.207308173179626465e-01,4.628461003303527832e-01,-7.771649956703186035e-01,1.460109591484069824e+00
-7.885306477546691895e-01,2.641827762126922607e-01,-7.447005510330200195e-01,4.775668680667877197e-01,-8.186296224594116211e-01,1.437943816184997559e+00
-1.093013763427734375e+00,3.751805424690246582e-01,-7.654994726181030273e-01,4.394497275352478027e-01,-9.995903968811035156e-01,1.382134795188903809e+00
-1.500887274742126465e+00,5.247866511344909668e-01,-8.024724125862121582e-01,3.760967552661895752e-01,-1.276846885681152344e+00,1.290821194648742676e+00
-1.377634286880493164e+00,4.520706534385681152e-01,-8.348121643066406250e-01,4.219154715538024902e-01,-1.165647149085998535e+00,1.322424411773681641e+00
-7.678673267364501953e-01,2.102435529232025146e-01,-8.369969725608825684e-01,5.153942704200744629e-01,-7.660564184188842773e-01,1.445179462432861328e+00
-4.064192771911621094e-01,6.586544215679168701e-02,-8.810135126113891602e-01,5.616797804832458496e-01,-5.650363564491271973e-01,1.491439580917358398e+00
-6.356331110000610352e-01,1.709095835685729980e-01,-8.261350393295288086e-01,5.236638188362121582e-01,-7.017195224761962891e-01,1.462508559226989746e+00
-1.409104108810424805e+00,5.404462218284606934e-01,-7.096353769302368164e-01,3.473590612411499023e-01,-1.253261566162109375e+00,1.306859135627746582e+00
-1.907842755317687988e+00,8.467242121696472168e-01,-5.293304920196533203e-01,1.049632653594017029e-01,-1.737771511077880859e+00,1.163359522819519043e+00
-2.041454076766967773e+00,7.595886588096618652e-01,-8.998140096664428711e-01,2.410985529422760010e-01,-1.753992199897766113e+00,1.134642243385314941e+00
-2.163810253143310547e+00,5.003080964088439941e-01,-1.412687540054321289e+00,5.665095448493957520e-01,-1.614393711090087891e+00,1.080855369567871094e+00
-2.071584463119506836e+00,3.716469705104827881e-01,-1.515313148498535156e+00,6.895974874496459961e-01,-1.444272041320800781e+00,1.077737331390380859e+00
-1.820352673530578613e+00,3.047186136245727539e-01,-1.442918062210083008e+00,7.001635432243347168e-01,-1.246907472610473633e+00,1.138523936271667480e+00
-1.476446866989135742e+00,5.536572933197021484e-01,-7.361941337585449219e-01,3.454183340072631836e-01,-1.291094303131103516e+00,1.293117046356201172e+00
-1.707559108734130859e+00,9.324886798858642578e-01,9.303413331508636475e-02,-4.632455483078956604e-02,-1.755253911018371582e+00,1.105410575866699219e+00
-1.779893875122070312e+00,8.921035528182983398e-01,-2.809506356716156006e-01,3.338521346449851990e-02,-1.723076820373535156e+00,1.154838681221008301e+00
-1.904369235038757324e+00,6.862432956695556641e-01,-9.063785672187805176e-01,2.982642948627471924e-01,-1.614155292510986328e+00,1.172728180885314941e+00
-9.312173128128051758e-01,3.508194088935852051e-01,-6.694798469543457031e-01,4.305851757526397705e-01,-9.309780001640319824e-01,1.411639451980590820e+00
-1.519981980323791504e+00,7.899738550186157227e-01,-1.226017400622367859e-01,9.747325628995895386e-02,-1.527657151222229004e+00,1.210742115974426270e+00
-1.591747283935546875e+00,8.370741605758666992e-01,-8.856515586376190186e-02,5.598265677690505981e-02,-1.602004647254943848e+00,1.180590987205505371e+00
-1.533406734466552734e+00,7.535157203674316406e-01,-3.150214850902557373e-01,1.468612700700759888e-01,-1.492681503295898438e+00,1.232575178146362305e+00
-1.567382335662841797e+00,4.986391365528106689e-01,-9.507806897163391113e-01,4.282974600791931152e-01,-1.289650201797485352e+00,1.262606143951416016e+00
-1.581282854080200195e+00,6.457075476646423340e-02,-1.631423950195312500e+00,8.908935189247131348e-01,-9.127464890480041504e-01,1.125960469245910645e+00
-1.524858713150024414e+00,1.022134646773338318e-01,-1.553280949592590332e+00,8.346051573753356934e-01,-9.254631400108337402e-01,1.165153741836547852e+00
-1.385122537612915039e+00,3.957610130310058594e-01,-9.510570168495178223e-01,4.790391623973846436e-01,-1.123949766159057617e+00,1.314198613166809082e+00
-1.194790720939636230e+00,5.516431331634521484e-01,-4.191491901874542236e-01,2.930153012275695801e-01,-1.187106966972351074e+00,1.340327262878417969e+00
-1.101993799209594727e+00,4.982507824897766113e-01,-4.526076018810272217e-01,3.273334503173828125e-01,-1.110666871070861816e+00,1.365326046943664551e+00
-8.833305239677429199e-01,3.453007936477661133e-01,-6.298027038574218750e-01,4.263973832130432129e-01,-9.136772751808166504e-01,1.419883608818054199e+00
-7.413057088851928711e-01,2.439099103212356567e-01,-7.499818801879882812e-01,4.855642318725585938e-01,-7.896963953971862793e-01,1.445577859878540039e+00
-8.782675862312316895e-01,3.703253567218780518e-01,-5.465350747108459473e-01,4.035022854804992676e-01,-9.352695941925048828e-01,1.418193459510803223e+00
-1.118362665176391602e+00,5.580397248268127441e-01,-2.358389794826507568e-01,2.700377702713012695e-01,-1.176972746849060059e+00,1.341167688369750977e+00
-1.149144053459167480e+00,5.778822898864746094e-01,-2.110836952924728394e-01,2.555098533630371094e-01,-1.205122947692871094e+00,1.330591082572937012e+00
-9.309539794921875000e-01,3.911986649036407471e-01,-5.525113940238952637e-01,3.946424424648284912e-01,-9.670156836509704590e-01,1.408090233802795410e+00
-7.514338493347167969e-01,1.842411756515502930e-01,-8.688234686851501465e-01,5.315045714378356934e-01,-7.394129633903503418e-01,1.450444459915161133e+00
-7.047529816627502441e-01,1.851059347391128540e-01,-8.429398536682128906e-01,5.240775942802429199e-01,-7.292738556861877441e-01,1.454607367515563965e+00
-6.570164561271667480e-01,2.207688391208648682e-01,-7.261574864387512207e-01,4.891656637191772461e-01,-7.508933544158935547e-01,1.458542466163635254e+00
-6.438003778457641602e-01,1.762501597404479980e-01,-8.213338851928710938e-01,5.210666060447692871e-01,-7.081896066665649414e-01,1.461153388023376465e+00
-6.059757471084594727e-01,-3.749848157167434692e-02,-1.242376565933227539e+00,6.811988949775695801e-01,-5.107658505439758301e-01,1.416845083236694336e+00
-6.542210578918457031e-01,-2.272682189941406250e-01,-1.584800958633422852e+00,8.516845703125000000e-01,-3.367305696010589600e-01,1.310817003250122070e+00
-8.375390768051147461e-01,-1.363371778279542923e-02,-1.319532275199890137e+00,7.205321788787841797e-01,-5.902876853942871094e-01,1.363956212997436523e+00
-1.356989383697509766e+00,5.790634751319885254e-01,-5.708988308906555176e-01,2.994488179683685303e-01,-1.266624569892883301e+00,1.310009121894836426e+00
-1.606661081314086914e+00,8.416894674301147461e-01,-1.109690889716148376e-01,5.448987334966659546e-02,-1.611245155334472656e+00,1.178681612014770508e+00
-8.158146142959594727e-01,1.357338726520538330e-01,-1.007186532020568848e+00,5.808677077293395996e-01,-7.157466411590576172e-01,1.429224610328674316e+00
-1.479258775711059570e+00,5.767675042152404785e-01,-6.965744495391845703e-01,3.240192532539367676e-01,-1.312030434608459473e+00,1.289480090141296387e+00
-1.726449608802795410e+00,7.598259449005126953e-01,-5.308449268341064453e-01,1.736467778682708740e-01,-1.573715925216674805e+00,1.215565085411071777e+00
-1.727319240570068359e+00,6.636021733283996582e-01,-7.365470528602600098e-01,2.753796279430389404e-01,-1.495500922203063965e+00,1.226667046546936035e+00
-1.767480492591857910e+00,8.632636666297912598e-01,-3.390188813209533691e-01,6.548928469419479370e-02,-1.688115239143371582e+00,1.171761870384216309e+00
-2.097601890563964844e+00,6.849129199981689453e-01,-1.091832160949707031e+00,3.421723246574401855e-01,-1.729085564613342285e+00,1.118459582328796387e+00
-2.100061893463134766e+00,4.280194342136383057e-01,-1.461494684219360352e+00,6.333074569702148438e-01,-1.511428713798522949e+00,1.083739399909973145e+00
-1.736104607582092285e+00,2.273005694150924683e-01,-1.497805953025817871e+00,7.613043785095214844e-01,-1.135580182075500488e+00,1.141027331352233887e+00
-1.466907739639282227e+00,1.173128336668014526e-01,-1.501960039138793945e+00,8.018572926521301270e-01,-9.163333177566528320e-01,1.193460702896118164e+00
-1.336507201194763184e+00,1.774837970733642578e-01,-1.333154678344726562e+00,7.004663944244384766e-01,-9.214657545089721680e-01,1.265911340713500977e+00
-1.211958050727844238e+00,2.406358569860458374e-01,-1.124175906181335449e+00,5.927634239196777344e-01,-9.300072789192199707e-01,1.330379486083984375e+00
-1.158830761909484863e+00,-1.121124159544706345e-02,-1.516363859176635742e+00,8.335586190223693848e-01,-6.851240396499633789e-01,1.249853134155273438e+00
-1.417618989944458008e+00,-3.351663053035736084e-02,-1.684586048126220703e+00,9.441962838172912598e-01,-7.498971819877624512e-01,1.134688377380371094e+00
-1.510442733764648438e+00,4.927076399326324463e-02,-1.617378234863281250e+00,8.859000205993652344e-01,-8.685654997825622559e-01,1.144728660583496094e+00
-1.416704535484313965e+00,4.242914021015167236e-01,-8.963209986686706543e-01,4.529978334903717041e-01,-1.157931566238403320e+00,1.316903471946716309e+00
-1.218644022941589355e+00,6.313012838363647461e-01,-9.642585366964340210e-02,2.112350910902023315e-01,-1.282608747482299805e+00,1.297577619552612305e+00
-1.334574222564697266e+00,6.832044720649719238e-01,-1.547956019639968872e-01,1.800364553928375244e-01,-1.361287593841552734e+00,1.273087739944458008e+00
-1.584535360336303711e+00,7.045902013778686523e-01,-5.274233222007751465e-01,2.123020738363265991e-01,-1.466762423515319824e+00,1.245855808258056641e+00
-1.752990961074829102e+00,6.500899791717529297e-01,-7.927876710891723633e-01,2.967168986797332764e-01,-1.498532652854919434e+00,1.220310449600219727e+00
-1.913346171379089355e+00,5.289216637611389160e-01,-1.185522794723510742e+00,4.783636629581451416e-01,-1.490141034126281738e+00,1.158454418182373047e+00
-2.010446786880493164e+00,4.008074998855590820e-01,-1.434957385063171387e+00,6.422313451766967773e-01,-1.434601783752441406e+00,1.104014754295349121e+00
-1.919748902320861816e+00,5.133411288261413574e-01,-1.213643670082092285e+00,4.969643950462341309e-01,-1.480547070503234863e+00,1.154358506202697754e+00
-1.619296073913574219e+00,7.045023441314697266e-01,-5.570878982543945312e-01,2.173863798379898071e-01,-1.480138182640075684e+00,1.242799639701843262e+00
-1.437661886215209961e+00,7.422398328781127930e-01,-1.342855542898178101e-01,1.352256685495376587e-01,-1.452193260192871094e+00,1.239168524742126465e+00
-1.321855068206787109e+00,6.739387512207031250e-01,-1.690955758094787598e-01,1.878641247749328613e-01,-1.347746491432189941e+00,1.278686761856079102e+00
-9.001289010047912598e-01,4.232422113418579102e-01,-3.856044411659240723e-01,3.600072562694549561e-01,-9.920035004615783691e-01,1.404589176177978516e+00
-5.405517220497131348e-01,2.209312319755554199e-01,-5.793207287788391113e-01,4.695777595043182373e-01,-7.314388155937194824e-01,1.474798321723937988e+00
-1.090560793876647949e+00,2.363939136266708374e-01,-1.024465799331665039e+00,5.582807660102844238e-01,-8.833727240562438965e-01,1.370607495307922363e+00
-1.274230599403381348e+00,3.096529245376586914e-01,-1.042819380760192871e+00,5.405033826828002930e-01,-1.010499477386474609e+00,1.327045083045959473e+00
-1.425998568534851074e+00,4.137028157711029053e-01,-9.767185449600219727e-01,4.777835011482238770e-01,-1.157164216041564941e+00,1.297872304916381836e+00
-1.548687338829040527e+00,5.609033107757568359e-01,-7.749745249748229980e-01,3.492406606674194336e-01,-1.327366232872009277e+00,1.277811050415039062e+00
-1.633530735969543457e+00,6.912919282913208008e-01,-5.942562818527221680e-01,2.326176762580871582e-01,-1.474061846733093262e+00,1.244663238525390625e+00
-1.631109237670898438e+00,5.286749601364135742e-01,-9.554690122604370117e-01,4.127334058284759521e-01,-1.344410896301269531e+00,1.245028734207153320e+00
-1.610137581825256348e+00,1.562273949384689331e-01,-1.524545788764953613e+00,8.022670745849609375e-01,-1.012465596199035645e+00,1.157758593559265137e+00
-1.596109509468078613e+00,9.563815593719482422e-02,-1.597994923591613770e+00,8.622984886169433594e-01,-9.490925669670104980e-01,1.135704517364501953e+00
-1.602639913558959961e+00,5.046077370643615723e-01,-9.765644073486328125e-01,4.319901168346405029e-01,-1.311362504959106445e+00,1.251176476478576660e+00
-1.593729496002197266e+00,8.114719986915588379e-01,-2.189308702945709229e-01,9.089043736457824707e-02,-1.573220491409301758e+00,1.199353933334350586e+00
-1.515979290008544922e+00,7.911676764488220215e-01,-1.032727584242820740e-01,9.457744657993316650e-02,-1.528355956077575684e+00,1.209187388420104980e+00
-1.064719438552856445e+00,4.945898652076721191e-01,-4.031731486320495605e-01,3.234587609767913818e-01,-1.097765922546386719e+00,1.370141744613647461e+00
-5.378494858741760254e-01,1.531726270914077759e-01,-7.887359857559204102e-01,5.206598639488220215e-01,-6.668370366096496582e-01,1.474042415618896484e+00
-5.996359586715698242e-01,1.243284866213798523e-01,-8.891588449478149414e-01,5.517666935920715332e-01,-6.531519889831542969e-01,1.470570802688598633e+00
-9.490526318550109863e-01,2.154408395290374756e-01,-9.315589070320129395e-01,5.394023656845092773e-01,-8.196206688880920410e-01,1.415995597839355469e+00
-1.154853224754333496e+00,2.605173587799072266e-01,-1.031399965286254883e+00,5.529916882514953613e-01,-9.256182312965393066e-01,1.355543732643127441e+00
-1.229567527770996094e+00,2.331609576940536499e-01,-1.153344154357910156e+00,6.067556738853454590e-01,-9.302672743797302246e-01,1.322489023208618164e+00
-1.284602880477905273e+00,1.948220580816268921e-01,-1.266937255859375000e+00,6.658218502998352051e-01,-9.176443815231323242e-01,1.291089653968811035e+00
-1.299194574356079102e+00,1.212060302495956421e-01,-1.397614121437072754e+00,7.463255524635314941e-01,-8.569169044494628906e-01,1.257882475852966309e+00
-1.321781277656555176e+00,3.736392036080360413e-02,-1.538039326667785645e+00,8.397576212882995605e-01,-7.857758402824401855e-01,1.210598468780517578e+00
-1.322921752929687500e+00,1.662423163652420044e-01,-1.341902613639831543e+00,7.077242136001586914e-01,-9.063701629638671875e-01,1.266781687736511230e+00
-1.340186953544616699e+00,3.200650513172149658e-01,-1.087771773338317871e+00,5.529018640518188477e-01,-1.045385122299194336e+00,1.306451082229614258e+00
-9.544103145599365234e-01,4.826434552669525146e-01,-2.087749540805816650e-01,3.137506842613220215e-01,-1.069032669067382812e+00,1.376870512962341309e+00
-8.154107332229614258e-01,3.990105092525482178e-01,-3.169043958187103271e-01,3.673665821552276611e-01,-9.549915790557861328e-01,1.416239619255065918e+00
-7.754750847816467285e-01,3.735073506832122803e-01,-3.552418947219848633e-01,3.831549584865570068e-01,-9.214704632759094238e-01,1.426844358444213867e+00
-9.797822833061218262e-01,4.895352721214294434e-01,-2.416948378086090088e-01,3.118308484554290771e-01,-1.078716754913330078e+00,1.374629616737365723e+00
-1.261474132537841797e+00,6.551603674888610840e-01,-8.639285713434219360e-02,1.939105689525604248e-01,-1.317955255508422852e+00,1.284337759017944336e+00
-1.629953622817993164e+00,6.045687794685363770e-01,-7.606543898582458496e-01,3.193422555923461914e-01,-1.400028347969055176e+00,1.255693793296813965e+00
-1.669358611106872559e+00,8.610171675682067871e-01,-1.921451836824417114e-01,4.734057188034057617e-02,-1.652554035186767578e+00,1.168573141098022461e+00
-1.329980731010437012e+00,5.761581659317016602e-01,-5.439435243606567383e-01,2.967100441455841064e-01,-1.254057884216308594e+00,1.315228462219238281e+00
-8.753776550292968750e-01,1.169231384992599487e-01,-1.108056306838989258e+00,6.148442029953002930e-01,-7.160519957542419434e-01,1.399018764495849609e+00
-9.894683957099914551e-01,5.965810269117355347e-02,-1.281910896301269531e+00,6.988987922668457031e-01,-7.001127004623413086e-01,1.346502780914306641e+00
-1.488346695899963379e+00,2.118907421827316284e-01,-1.377448678016662598e+00,7.099971771240234375e-01,-1.011761069297790527e+00,1.223178505897521973e+00
-1.769854784011840820e+00,3.072686493396759033e-01,-1.409127116203308105e+00,6.845558285713195801e-01,-1.223947048187255859e+00,1.156368255615234375e+00
-1.575429081916809082e+00,3.248822689056396484e-01,-1.261936068534851074e+00,6.160574555397033691e-01,-1.148417115211486816e+00,1.227361202239990234e+00
-1.360931515693664551e+00,3.318167030811309814e-01,-1.084528803825378418e+00,5.472962856292724609e-01,-1.063499808311462402e+00,1.301977038383483887e+00
-1.429513812065124512e+00,4.103687703609466553e-01,-9.909617304801940918e-01,4.835270941257476807e-01,-1.156230568885803223e+00,1.295189976692199707e+00
-1.652419090270996094e+00,5.789794325828552246e-01,-8.310715556144714355e-01,3.519484996795654297e-01,-1.390588283538818359e+00,1.251317143440246582e+00
-1.752814650535583496e+00,6.805554032325744629e-01,-7.276670336723327637e-01,2.619202136993408203e-01,-1.522179961204528809e+00,1.218785285949707031e+00
-1.795288324356079102e+00,5.637116432189941406e-01,-1.038272976875305176e+00,4.137932658195495605e-01,-1.455651760101318359e+00,1.197516918182373047e+00
-1.838677883148193359e+00,3.562653660774230957e-01,-1.383864164352416992e+00,6.490884423255920410e-01,-1.301942825317382812e+00,1.147420406341552734e+00
-1.537184000015258789e+00,2.143945544958114624e-01,-1.402917027473449707e+00,7.210395336151123047e-01,-1.034400939941406250e+00,1.206628680229187012e+00
-1.004521369934082031e+00,5.231985822319984436e-02,-1.303424358367919922e+00,7.108454704284667969e-01,-6.982887983322143555e-01,1.339104890823364258e+00
-8.455219268798828125e-01,1.803845539689064026e-02,-1.271102547645568848e+00,6.949059963226318359e-01,-6.209291815757751465e-01,1.373565554618835449e+00
-9.727044701576232910e-01,4.408095404505729675e-02,-1.297600746154785156e+00,7.082571387290954590e-01,-6.812335848808288574e-01,1.346079945564270020e+00
-1.088410615921020508e+00,1.925332993268966675e-01,-1.116045713424682617e+00,6.018906235694885254e-01,-8.461643457412719727e-01,1.356982111930847168e+00
-1.164486289024353027e+00,4.331023991107940674e-01,-7.087575197219848633e-01,4.017948508262634277e-01,-1.072544813156127930e+00,1.364488005638122559e+00
-1.301903963088989258e+00,4.624528288841247559e-01,-7.679066061973571777e-01,4.005657732486724854e-01,-1.145930886268615723e+00,1.335856556892395020e+00
-1.432048797607421875e+00,3.330169618129730225e-01,-1.144305706024169922e+00,5.682949423789978027e-01,-1.093799710273742676e+00,1.277953982353210449e+00
-1.807571172714233398e+00,7.147539854049682617e-01,-7.151182293891906738e-01,2.350760996341705322e-01,-1.578617095947265625e+00,1.201363563537597656e+00
-1.918359041213989258e+00,8.127311468124389648e-01,-6.199126839637756348e-01,1.450178027153015137e-01,-1.716953158378601074e+00,1.165328741073608398e+00
-1.197076916694641113e+00,4.217048287391662598e-01,-7.600405812263488770e-01,4.179796576499938965e-01,-1.073801755905151367e+00,1.359474062919616699e+00
-1.198307394981384277e+00,2.709366083145141602e-01,-1.051068305969238281e+00,5.562122464179992676e-01,-9.499878287315368652e-01,1.343067765235900879e+00
-7.618694901466369629e-01,1.427298188209533691e-01,-9.442189335823059082e-01,5.627106428146362305e-01,-7.068907022476196289e-01,1.448404669761657715e+00
-7.244181632995605469e-01,1.236700639128684998e-02,-1.214692950248718262e+00,6.686038970947265625e-01,-5.840119123458862305e-01,1.404857993125915527e+00
-7.500292658805847168e-01,-1.284608691930770874e-01,-1.463698267936706543e+00,7.954846620559692383e-01,-4.598779976367950439e-01,1.338237762451171875e+00
-1.229414224624633789e+00,1.368981450796127319e-01,-1.323458433151245117e+00,7.067379355430603027e-01,-8.467336893081665039e-01,1.290654778480529785e+00
-8.924288153648376465e-01,-2.524184761568903923e-03,-1.329033851623535156e+00,7.264692187309265137e-01,-6.158745884895324707e-01,1.352648973464965820e+00
-6.329988241195678711e-01,-7.381673902273178101e-02,-1.324599385261535645e+00,7.178632020950317383e-01,-4.827317297458648682e-01,1.394068121910095215e+00
-8.318369388580322266e-01,8.112432807683944702e-02,-1.149685382843017578e+00,6.358973383903503418e-01,-6.728948354721069336e-01,1.399442791938781738e+00
-1.295347929000854492e+00,4.004863202571868896e-01,-8.553831577301025391e-01,4.515743553638458252e-01,-1.090345740318298340e+00,1.344322443008422852e+00
-1.599699974060058594e+00,5.488023161888122559e-01,-8.366976380348205566e-01,3.712731301784515381e-01,-1.340668201446533203e+00,1.266671538352966309e+00
-1.700929045677185059e+00,6.625735163688659668e-01,-7.095371484756469727e-01,2.713864743709564209e-01,-1.480899214744567871e+00,1.234798073768615723e+00
-1.809363722801208496e+00,7.988060116767883301e-01,-5.267103314399719238e-01,1.431695520877838135e-01,-1.646047830581665039e+00,1.193026781082153320e+00
-1.581529498100280762e+00,6.711639761924743652e-01,-5.941452980041503906e-01,2.461504936218261719e-01,-1.435295343399047852e+00,1.255883216857910156e+00
-1.234697699546813965e+00,4.875900745391845703e-01,-6.556860208511352539e-01,3.648006021976470947e-01,-1.143251538276672363e+00,1.345968484878540039e+00
-1.228077411651611328e+00,5.032340288162231445e-01,-6.098080873489379883e-01,3.483502864837646484e-01,-1.154411673545837402e+00,1.345216274261474609e+00
-1.505100488662719727e+00,6.961603760719299316e-01,-4.521199762821197510e-01,2.062463611364364624e-01,-1.427850961685180664e+00,1.257574200630187988e+00
-1.693930983543395996e+00,8.364571928977966309e-01,-3.241132199764251709e-01,8.420442044734954834e-02,-1.635358572006225586e+00,1.183864235877990723e+00
-1.605199575424194336e+00,7.300957441329956055e-01,-4.902567863464355469e-01,1.885457038879394531e-01,-1.498337268829345703e+00,1.235403418540954590e+00
-1.453007102012634277e+00,5.052447319030761719e-01,-8.020945191383361816e-01,3.866610229015350342e-01,-1.240644097328186035e+00,1.302365303039550781e+00
-1.357398390769958496e+00,4.995148777961730957e-01,-7.443796396255493164e-01,3.766621947288513184e-01,-1.198354959487915039e+00,1.321421623229980469e+00
-1.472262620925903320e+00,6.166350841522216797e-01,-6.114472746849060059e-01,2.839353084564208984e-01,-1.344011425971984863e+00,1.283157348632812500e+00
-1.639933705329895020e+00,5.980663895606994629e-01,-7.832237482070922852e-01,3.281110525131225586e-01,-1.399703741073608398e+00,1.253038644790649414e+00
-1.827926993370056152e+00,6.130627989768981934e-01,-9.790003299713134766e-01,3.662492632865905762e-01,-1.513385295867919922e+00,1.191192626953125000e+00
-1.872537255287170410e+00,7.242904901504516602e-01,-7.689239382743835449e-01,2.390268892049789429e-01,-1.622708082199096680e+00,1.183082580566406250e+00
-1.646219372749328613e+00,3.180775642395019531e-01,-1.318019747734069824e+00,6.415251493453979492e-01,-1.174540519714355469e+00,1.201504588127136230e+00
-1.481283783912658691e+00,1.424433439970016479e-01,-1.474225163459777832e+00,7.799769639968872070e-01,-9.455332159996032715e-01,1.198958754539489746e+00
-1.381977200508117676e+00,3.861730098724365234e-01,-9.873529076576232910e-01,4.930025935173034668e-01,-1.116078376770019531e+00,1.308019280433654785e+00
-1.199316620826721191e+00,5.697953701019287109e-01,-3.605402410030364990e-01,2.752047479152679443e-01,-1.206052660942077637e+00,1.333878159523010254e+00
-1.216457724571228027e+00,5.963743925094604492e-01,-2.855063378810882568e-01,2.506928145885467529e-01,-1.237845778465270996e+00,1.321735382080078125e+00
-1.399622321128845215e+00,6.374747753143310547e-01,-4.667574465274810791e-01,2.472866475582122803e-01,-1.334193944931030273e+00,1.289772868156433105e+00
-1.548359274864196777e+00,6.453393101692199707e-01,-6.190654635429382324e-01,2.673479318618774414e-01,-1.399252891540527344e+00,1.266174197196960449e+00
-1.798349142074584961e+00,8.959585428237915039e-01,-2.904601693153381348e-01,3.184380754828453064e-02,-1.732888221740722656e+00,1.154279947280883789e+00
-1.806222200393676758e+00,9.269107580184936523e-01,-2.187164723873138428e-01,-4.832595586776733398e-03,-1.770217895507812500e+00,1.133291363716125488e+00
-1.327357649803161621e+00,6.024381518363952637e-01,-4.637493193149566650e-01,2.687666416168212891e-01,-1.276474833488464355e+00,1.309612154960632324e+00
-8.629635572433471680e-01,3.234313726425170898e-01,-6.675709486007690430e-01,4.415353536605834961e-01,-8.891426324844360352e-01,1.424382925033569336e+00
-8.133680224418640137e-01,3.230397701263427734e-01,-6.095039248466491699e-01,4.327734410762786865e-01,-8.770080804824829102e-01,1.432258248329162598e+00
-1.075446486473083496e+00,4.508790671825408936e-01,-5.641333460807800293e-01,3.675706982612609863e-01,-1.059820055961608887e+00,1.378200054168701172e+00
-1.286826968193054199e+00,5.564010739326477051e-01,-5.412447452545166016e-01,3.077163398265838623e-01,-1.221218347549438477e+00,1.326326012611389160e+00
-1.334890723228454590e+00,5.387974381446838379e-01,-6.435588002204895020e-01,3.352986276149749756e-01,-1.223544597625732422e+00,1.320633411407470703e+00
-1.472091317176818848e+00,4.515680074691772461e-01,-9.059670567512512207e-01,4.420635104179382324e-01,-1.204863071441650391e+00,1.299468517303466797e+00
-1.495048880577087402e+00,4.133954346179962158e-01,-1.052522301673889160e+00,5.014206767082214355e-01,-1.187656283378601074e+00,1.272808790206909180e+00
-1.566177487373352051e+00,5.193566679954528809e-01,-8.605052232742309570e-01,3.945107460021972656e-01,-1.301333308219909668e+00,1.276449084281921387e+00
-1.578162908554077148e+00,7.126070261001586914e-01,-5.028336644172668457e-01,2.027404606342315674e-01,-1.471677064895629883e+00,1.243776559829711914e+00
-1.526005387306213379e+00,6.970781087875366211e-01,-4.790322184562683105e-01,2.096487283706665039e-01,-1.436955690383911133e+00,1.254588127136230469e+00
-1.323328495025634766e+00,4.705260396003723145e-01,-7.699027061462402344e-01,3.970451951026916504e-01,-1.160765647888183594e+00,1.330955147743225098e+00
-1.202468633651733398e+00,3.047162294387817383e-01,-9.620533585548400879e-01,5.182301998138427734e-01,-9.780877828598022461e-01,1.357461929321289062e+00
-1.228500723838806152e+00,2.910846173763275146e-01,-1.036233901977539062e+00,5.446111559867858887e-01,-9.777190685272216797e-01,1.338383436203002930e+00
-1.269141912460327148e+00,2.557203471660614014e-01,-1.145719528198242188e+00,5.969396829605102539e-01,-9.640521407127380371e-01,1.314998626708984375e+00
-1.332098960876464844e+00,3.477375805377960205e-01,-1.020503759384155273e+00,5.189983248710632324e-01,-1.064532756805419922e+00,1.316157579421997070e+00
-8.703074455261230469e-01,3.397056460380554199e-01,-6.302927732467651367e-01,4.288439452648162842e-01,-9.054511785507202148e-01,1.422331809997558594e+00
-1.170662164688110352e+00,5.607815384864807129e-01,-3.410802185535430908e-01,2.784567475318908691e-01,-1.189745187759399414e+00,1.339210271835327148e+00
-1.525150418281555176e+00,7.750782370567321777e-01,-2.101081460714340210e-01,1.183253601193428040e-01,-1.511930704116821289e+00,1.221513628959655762e+00
-1.371564269065856934e+00,6.451343894004821777e-01,-3.971160948276519775e-01,2.326828688383102417e-01,-1.331114411354064941e+00,1.291150689125061035e+00
-1.113980054855346680e+00,4.094551205635070801e-01,-7.130644917488098145e-01,4.134643971920013428e-01,-1.035737514495849609e+00,1.375688314437866211e+00
-1.049061536788940430e+00,3.131452798843383789e-01,-8.344811797142028809e-01,4.810200631618499756e-01,-9.320178627967834473e-01,1.397217512130737305e+00
-1.210138201713562012e+00,2.827570438385009766e-01,-1.036210060119628906e+00,5.473744869232177734e-01,-9.640187621116638184e-01,1.342533826828002930e+00
-1.396981477737426758e+00,2.056080400943756104e-01,-1.329217910766601562e+00,6.900383234024047852e-01,-9.695757031440734863e-01,1.253830790519714355e+00
-1.425592064857482910e+00,1.843268573284149170e-01,-1.380330085754394531e+00,7.204262018203735352e-01,-9.617080688476562500e-01,1.235838532447814941e+00
-1.343273878097534180e+00,2.032022476196289062e-01,-1.296235203742980957e+00,6.761271357536315918e-01,-9.468384385108947754e-01,1.272486329078674316e+00
-1.392624616622924805e+00,2.529892623424530029e-01,-1.249973893165588379e+00,6.398611068725585938e-01,-1.009468436241149902e+00,1.270635604858398438e+00
-1.661031126976013184e+00,3.834365904331207275e-01,-1.229358077049255371e+00,5.762343406677246094e-01,-1.237884402275085449e+00,1.212757825851440430e+00
-1.858578443527221680e+00,4.816033244132995605e-01,-1.217129945755004883e+00,5.178475975990295410e-01,-1.420439124107360840e+00,1.168248653411865234e+00
-1.440748453140258789e+00,4.274584054946899414e-01,-9.573268890380859375e-01,4.660210609436035156e-01,-1.174265742301940918e+00,1.296819925308227539e+00
-1.004112482070922852e+00,3.950447142124176025e-01,-6.333759427070617676e-01,4.051751196384429932e-01,-9.899121522903442383e-01,1.396221876144409180e+00
-1.481888651847839355e+00,6.339433789253234863e-01,-5.827241539955139160e-01,2.680607736110687256e-01,-1.363027691841125488e+00,1.277850389480590820e+00
-1.422003626823425293e+00,1.552704423666000366e-01,-1.421695590019226074e+00,7.493280768394470215e-01,-9.338892102241516113e-01,1.225976824760437012e+00
-1.460484266281127930e+00,1.148886829614639282e-01,-1.501915454864501953e+00,8.024768829345703125e-01,-9.115132689476013184e-01,1.194772243499755859e+00
-1.406127929687500000e+00,3.103778362274169922e-01,-1.163012385368347168e+00,5.842881798744201660e-01,-1.064024329185485840e+00,1.281473636627197266e+00
-1.330925464630126953e+00,5.157015919685363770e-01,-6.901476979255676270e-01,3.568444252014160156e-01,-1.202247262001037598e+00,1.324475646018981934e+00
-1.202507376670837402e+00,4.842698574066162109e-01,-6.283060908317565918e-01,3.614599406719207764e-01,-1.129288196563720703e+00,1.352279186248779297e+00
-8.861879110336303711e-01,1.738521009683609009e-01,-9.752125740051269531e-01,5.627346038818359375e-01,-7.671164870262145996e-01,1.421713352203369141e+00
-5.983169674873352051e-01,-4.424409940838813782e-02,-1.251254439353942871e+00,6.848776340484619141e-01,-5.028018951416015625e-01,1.416000127792358398e+00
-7.092478275299072266e-01,-3.451840952038764954e-02,-1.291938662528991699e+00,7.044384479522705078e-01,-5.375440120697021484e-01,1.390585660934448242e+00
-8.886681199073791504e-01,1.180996696348302066e-04,-1.322833895683288574e+00,7.229647040367126465e-01,-6.171604394912719727e-01,1.354751348495483398e+00
-1.045195341110229492e+00,9.208239614963531494e-02,-1.263045907020568848e+00,6.859567165374755859e-01,-7.460362911224365234e-01,1.340243816375732422e+00
-1.258468985557556152e+00,2.665998935699462891e-01,-1.115569949150085449e+00,5.816338062286376953e-01,-9.690651297569274902e-01,1.321473240852355957e+00
-1.311711549758911133e+00,4.533307552337646484e-01,-7.905216813087463379e-01,4.102310240268707275e-01,-1.141751170158386230e+00,1.334900259971618652e+00
-1.192765235900878906e+00,5.941798090934753418e-01,-2.401720583438873291e-01,2.476795166730880737e-01,-1.230825662612915039e+00,1.322783350944519043e+00
-1.424684524536132812e+00,4.181687235832214355e-01,-9.567453265190124512e-01,4.702104032039642334e-01,-1.159598588943481445e+00,1.301521658897399902e+00
-1.257893919944763184e+00,5.061772465705871582e-01,-6.365606188774108887e-01,3.515988886356353760e-01,-1.167392969131469727e+00,1.339390873908996582e+00
-9.005756974220275879e-01,3.592199385166168213e-01,-6.103734374046325684e-01,4.174194335937500000e-01,-9.304532408714294434e-01,1.416101098060607910e+00
-7.447977662086486816e-01,2.899760603904724121e-01,-6.246157884597778320e-01,4.484006166458129883e-01,-8.319092392921447754e-01,1.444435238838195801e+00
-1.154328346252441406e+00,4.122917056083679199e-01,-7.431232929229736328e-01,4.184918105602264404e-01,-1.051330685615539551e+00,1.368122696876525879e+00
-1.683311820030212402e+00,5.872763991355895996e-01,-8.554654121398925781e-01,3.532226383686065674e-01,-1.413859128952026367e+00,1.240846276283264160e+00
-1.945947766304016113e+00,8.192321658134460449e-01,-6.412239074707031250e-01,1.427511274814605713e-01,-1.738834619522094727e+00,1.156486272811889648e+00
-2.097979068756103516e+00,8.415721654891967773e-01,-7.786341905593872070e-01,1.486491858959197998e-01,-1.852145910263061523e+00,1.115474224090576172e+00
-2.091215133666992188e+00,8.664120435714721680e-01,-7.251412868499755859e-01,1.169537529349327087e-01,-1.868259787559509277e+00,1.111724138259887695e+00
-1.844412088394165039e+00,9.365420937538146973e-01,-2.361629307270050049e-01,-9.864538908004760742e-03,-1.791689872741699219e+00,1.132269144058227539e+00
-1.613341927528381348e+00,8.797753453254699707e-01,1.605811268091201782e-01,-5.062471609562635422e-03,-1.674032330513000488e+00,1.129652142524719238e+00
-1.469197750091552734e+00,7.892908453941345215e-01,9.843725711107254028e-02,7.759127765893936157e-02,-1.528707146644592285e+00,1.191465616226196289e+00
-1.051242709159851074e+00,5.088080763816833496e-01,-3.177845478057861328e-01,3.067405223846435547e-01,-1.109896183013916016e+00,1.365776896476745605e+00
-6.918083429336547852e-01,2.378058582544326782e-01,-7.159810662269592285e-01,4.816938936710357666e-01,-7.734183073043823242e-01,1.453379631042480469e+00
-7.389420866966247559e-01,1.931762993335723877e-01,-8.483719229698181152e-01,5.233558416366577148e-01,-7.442229390144348145e-01,1.450466632843017578e+00
-1.008748650550842285e+00,9.333015978336334229e-02,-1.237454295158386230e+00,6.730866432189941406e-01,-7.355298399925231934e-01,1.351988315582275391e+00
-1.268326759338378906e+00,-2.209796942770481110e-02,-1.596164107322692871e+00,8.833981156349182129e-01,-7.088818550109863281e-01,1.199802517890930176e+00
-1.350747942924499512e+00,-2.655815333127975464e-03,-1.610515594482421875e+00,8.905003666877746582e-01,-7.566596269607543945e-01,1.178244829177856445e+00
-1.526877284049987793e+00,9.888623654842376709e-02,-1.558829069137573242e+00,8.386819958686828613e-01,-9.231253862380981445e-01,1.162860393524169922e+00
-1.666567921638488770e+00,1.840633302927017212e-01,-1.517318367958068848e+00,7.884978652000427246e-01,-1.063471794128417969e+00,1.148911595344543457e+00
-1.577630043029785156e+00,2.868617475032806396e-01,-1.321063637733459473e+00,6.564046740531921387e-01,-1.116296291351318359e+00,1.216069936752319336e+00
-1.319264888763427734e+00,4.709708392620086670e-01,-7.660789489746093750e-01,3.959591686725616455e-01,-1.159632682800292969e+00,1.331686258316040039e+00
-1.118456602096557617e+00,5.440675020217895508e-01,-3.042854964733123779e-01,2.847133576869964600e-01,-1.160807013511657715e+00,1.348443984985351562e+00
-1.190965414047241211e+00,5.188773870468139648e-01,-5.189676880836486816e-01,3.252411484718322754e-01,-1.155787706375122070e+00,1.348818778991699219e+00
-1.382008671760559082e+00,3.433004915714263916e-01,-1.082126855850219727e+00,5.419471859931945801e-01,-1.081630945205688477e+00,1.297269463539123535e+00
-1.843786001205444336e+00,2.023279219865798950e-01,-1.590546607971191406e+00,8.173547387123107910e-01,-1.165324568748474121e+00,1.093962669372558594e+00
-1.683683395385742188e+00,2.659119665622711182e-01,-1.415334582328796387e+00,7.063444256782531738e-01,-1.145790576934814453e+00,1.172810077667236328e+00
-1.389454841613769531e+00,3.578308820724487305e-01,-1.060804009437561035e+00,5.286861062049865723e-01,-1.096664786338806152e+00,1.297828197479248047e+00
-1.356734871864318848e+00,3.799554705619812012e-01,-9.515323638916015625e-01,4.861187338829040527e-01,-1.099162697792053223e+00,1.321973443031311035e+00
-1.439444541931152344e+00,4.404810667037963867e-01,-8.870211839675903320e-01,4.427239000797271729e-01,-1.180668234825134277e+00,1.311260223388671875e+00
-1.535754680633544922e+00,5.534394979476928711e-01,-7.785443663597106934e-01,3.544007539749145508e-01,-1.315569877624511719e+00,1.281198263168334961e+00
-1.740014195442199707e+00,7.425631284713745117e-01,-5.795468091964721680e-01,1.935962140560150146e-01,-1.565116047859191895e+00,1.217159271240234375e+00
-1.912925720214843750e+00,9.134437441825866699e-01,-3.786133825778961182e-01,2.957648970186710358e-02,-1.797157406806945801e+00,1.144178032875061035e+00
-2.017369508743286133e+00,8.696343302726745605e-01,-6.167562007904052734e-01,9.735564142465591431e-02,-1.822029829025268555e+00,1.131834745407104492e+00
-2.127966403961181641e+00,6.269705891609191895e-01,-1.205731272697448730e+00,4.148062765598297119e-01,-1.699853539466857910e+00,1.107271909713745117e+00
-2.159399986267089844e+00,4.119477868080139160e-01,-1.526689410209655762e+00,6.655640602111816406e-01,-1.533744096755981445e+00,1.063104391098022461e+00
-2.073872327804565430e+00,4.446496963500976562e-01,-1.420425534248352051e+00,6.085001826286315918e-01,-1.510260581970214844e+00,1.095178484916687012e+00
-1.678730726242065430e+00,5.494749546051025391e-01,-9.609854817390441895e-01,4.019493758678436279e-01,-1.384634971618652344e+00,1.231909751892089844e+00
-1.378063917160034180e+00,5.483644008636474609e-01,-6.663069128990173340e-01,3.343083858489990234e-01,-1.248132228851318359e+00,1.311293244361877441e+00
-1.308271050453186035e+00,5.175488591194152832e-01,-6.638941168785095215e-01,3.507051169872283936e-01,-1.195411205291748047e+00,1.328505754470825195e+00
-1.196132779121398926e+00,4.453397095203399658e-01,-7.120336294174194336e-01,3.967126309871673584e-01,-1.093717455863952637e+00,1.357506752014160156e+00
-1.215756058692932129e+00,4.223398268222808838e-01,-7.733396887779235840e-01,4.207141101360321045e-01,-1.080780386924743652e+00,1.355984687805175781e+00
-1.506033658981323242e+00,4.918552637100219727e-01,-8.561140894889831543e-01,4.079618155956268311e-01,-1.251514792442321777e+00,1.292864203453063965e+00
-1.086789727210998535e+00,2.138296961784362793e-01,-1.072562575340270996e+00,5.803652405738830566e-01,-8.634573817253112793e-01,1.363728761672973633e+00
-1.482875227928161621e+00,3.401404321193695068e-01,-1.171859860420227051e+00,5.753204226493835449e-01,-1.121221661567687988e+00,1.262375235557556152e+00
-1.915873646736145020e+00,4.495503902435302734e-01,-1.303770899772644043e+00,5.661256313323974609e-01,-1.424043178558349609e+00,1.144513368606567383e+00
-1.448692440986633301e+00,3.656526505947113037e-01,-1.099958419799804688e+00,5.388196706771850586e-01,-1.128094434738159180e+00,1.279335379600524902e+00
-1.819141983985900879e+00,8.941847085952758789e-01,-3.154849708080291748e-01,3.723056241869926453e-02,-1.737794041633605957e+00,1.156973481178283691e+00
-1.569379687309265137e+00,7.016953229904174805e-01,-5.189829468727111816e-01,2.128622233867645264e-01,-1.458233356475830078e+00,1.248214840888977051e+00
-1.004578948020935059e+00,3.385110199451446533e-01,-7.671976089477539062e-01,4.546342790126800537e-01,-9.410055279731750488e-01,1.399869203567504883e+00
-8.325880169868469238e-01,2.700652182102203369e-01,-7.702709436416625977e-01,4.805558621883392334e-01,-8.345960974693298340e-01,1.430916309356689453e+00
-9.847645163536071777e-01,4.160869419574737549e-01,-5.480630993843078613e-01,3.822243213653564453e-01,-1.003395557403564453e+00,1.396896123886108398e+00
-1.234142780303955078e+00,5.601903796195983887e-01,-4.539197683334350586e-01,2.926124930381774902e-01,-1.206962943077087402e+00,1.333299756050109863e+00
-1.452552318572998047e+00,6.458601355552673340e-01,-5.182703137397766113e-01,2.497494071722030640e-01,-1.361995100975036621e+00,1.279479622840881348e+00
-1.662456274032592773e+00,5.196352005004882812e-01,-1.003548622131347656e+00,4.309195578098297119e-01,-1.352433204650878906e+00,1.233834624290466309e+00
-1.412759304046630859e+00,3.255554139614105225e-01,-1.141705870628356934e+00,5.703876018524169922e-01,-1.079535722732543945e+00,1.282811999320983887e+00
-1.221190094947814941e+00,1.792941540479660034e-01,-1.243900060653686523e+00,6.599944829940795898e-01,-8.812416791915893555e-01,1.309070110321044922e+00
-1.126079797744750977e+00,9.147463738918304443e-02,-1.322793602943420410e+00,7.158170342445373535e-01,-7.715445160865783691e-01,1.311728954315185547e+00
-1.043336153030395508e+00,1.473404467105865479e-02,-1.393311381340026855e+00,7.624419331550598145e-01,-6.759907007217407227e-01,1.309637188911437988e+00
-1.096170663833618164e+00,1.794686019420623779e-01,-1.145995974540710449e+00,6.170215606689453125e-01,-8.377720117568969727e-01,1.350968718528747559e+00
-1.166338324546813965e+00,4.608788490295410156e-01,-6.460929512977600098e-01,3.764075636863708496e-01,-1.097001552581787109e+00,1.361510634422302246e+00
-1.170529723167419434e+00,5.648390650749206543e-01,-3.240351378917694092e-01,2.741889059543609619e-01,-1.193938493728637695e+00,1.337551474571228027e+00
-1.104777932167053223e+00,5.695108175277709961e-01,-1.202185451984405518e-01,2.542395889759063721e-01,-1.192765235900878906e+00,1.330632328987121582e+00
-1.060851216316223145e+00,5.584930181503295898e-01,8.442949503660202026e-03,2.548241019248962402e-01,-1.187732696533203125e+00,1.324133396148681641e+00
-9.688309431076049805e-01,4.201691448688507080e-01,-5.124486684799194336e-01,3.754337430000305176e-01,-1.003130793571472168e+00,1.398439168930053711e+00
-1.218658804893493652e+00,3.025812208652496338e-01,-9.933959841728210449e-01,5.274317860603332520e-01,-9.830024242401123047e-01,1.347556591033935547e+00
-1.295530080795288086e+00,2.900663316249847412e-01,-1.104212522506713867e+00,5.696318149566650391e-01,-1.002846717834472656e+00,1.314679384231567383e+00
-1.480080246925354004e+00,2.301404774188995361e-01,-1.344966769218444824e+00,6.887662410736083984e-01,-1.024656653404235840e+00,1.232393622398376465e+00
-1.376160502433776855e+00,9.192315489053726196e-02,-1.488488435745239258e+00,8.007408380508422852e-01,-8.575954437255859375e-01,1.216015577316284180e+00
-1.091190457344055176e+00,-5.928727611899375916e-02,-1.550068616867065430e+00,8.572852015495300293e-01,-6.176695227622985840e-01,1.250774860382080078e+00
-1.320009469985961914e+00,1.758353114128112793e-01,-1.324408769607543945e+00,6.969364881515502930e-01,-9.138787388801574707e-01,1.271395802497863770e+00
-1.714639663696289062e+00,5.956197977066040039e-01,-8.906373977661132812e-01,3.563207983970642090e-01,-1.438575625419616699e+00,1.227406740188598633e+00
-1.367440819740295410e+00,4.888412356376647949e-01,-7.707486748695373535e-01,3.880048394203186035e-01,-1.193060755729675293e+00,1.320654630661010742e+00
-1.573292493820190430e+00,5.812871456146240234e-01,-7.569223642349243164e-01,3.332363963127136230e-01,-1.355007886886596680e+00,1.270941853523254395e+00
-1.812296271324157715e+00,7.154332995414733887e-01,-7.200815677642822266e-01,2.354173958301544189e-01,-1.581912875175476074e+00,1.199668407440185547e+00
-1.772304296493530273e+00,6.951016783714294434e-01,-7.170755267143249512e-01,2.497147917747497559e-01,-1.543882608413696289e+00,1.212786555290222168e+00
-1.535203814506530762e+00,5.886150002479553223e-01,-7.154411077499389648e-01,3.206539154052734375e-01,-1.344801783561706543e+00,1.278159976005554199e+00
-1.329507946968078613e+00,4.468649029731750488e-01,-8.126615285873413086e-01,4.187137484550476074e-01,-1.142855405807495117e+00,1.332172393798828125e+00
-1.158669948577880859e+00,2.494481801986694336e-01,-1.060265064239501953e+00,5.659959316253662109e-01,-9.179280400276184082e-01,1.350403189659118652e+00
-1.007763862609863281e+00,8.222564309835433960e-02,-1.255526661872863770e+00,6.832978725433349609e-01,-7.255659103393554688e-01,1.348639011383056641e+00
-1.257508277893066406e+00,2.901729047298431396e-01,-1.067739486694335938e+00,5.559623837471008301e-01,-9.881271719932556152e-01,1.327735185623168945e+00
-1.596358656883239746e+00,5.889298319816589355e-01,-7.613469362258911133e-01,3.293789327144622803e-01,-1.371671199798583984e+00,1.264988899230957031e+00
-1.664472460746765137e+00,7.068714499473571777e-01,-5.875450968742370605e-01,2.206887006759643555e-01,-1.500660300254821777e+00,1.236884474754333496e+00
-1.480586171150207520e+00,6.941656470298767090e-01,-4.201098382472991943e-01,2.030425220727920532e-01,-1.416460275650024414e+00,1.261404514312744141e+00
-1.213388204574584961e+00,6.179997324943542480e-01,-1.672480106353759766e-01,2.257765233516693115e-01,-1.263136029243469238e+00,1.308446168899536133e+00
-1.227370977401733398e+00,6.260682940483093262e-01,-1.619265675544738770e-01,2.199421972036361694e-01,-1.275020480155944824e+00,1.304003953933715820e+00
-1.507672905921936035e+00,7.258636951446533203e-01,-3.634939789772033691e-01,1.731754988431930542e-01,-1.456405520439147949e+00,1.246692657470703125e+00
-1.717189192771911621e+00,7.706766724586486816e-01,-4.998284280300140381e-01,1.609818488359451294e-01,-1.579424262046813965e+00,1.213517665863037109e+00
-1.657578468322753906e+00,6.752853393554687500e-01,-6.446483135223388672e-01,2.518379986286163330e-01,-1.470656275749206543e+00,1.243787407875061035e+00
-1.519588828086853027e+00,5.056509971618652344e-01,-8.447517156600952148e-01,3.974035680294036865e-01,-1.268858432769775391e+00,1.288616538047790527e+00
-1.464922308921813965e+00,4.395295083522796631e-01,-9.633001089096069336e-01,4.619199931621551514e-01,-1.195016622543334961e+00,1.289144992828369141e+00
-1.510226726531982422e+00,2.541740238666534424e-01,-1.327607989311218262e+00,6.722467541694641113e-01,-1.058488607406616211e+00,1.229552865028381348e+00
-1.573457479476928711e+00,4.091613739728927612e-02,-1.658456206321716309e+00,9.137030243873596191e-01,-8.862701654434204102e-01,1.116679310798645020e+00
-1.337900996208190918e+00,2.509984672069549561e-01,-1.211886286735534668e+00,6.250134110450744629e-01,-9.863655567169189453e-01,1.289466738700866699e+00
-1.096599578857421875e+00,4.289747476577758789e-01,-6.490712761878967285e-01,3.922844529151916504e-01,-1.047036886215209961e+00,1.377200722694396973e+00
-1.048117995262145996e+00,3.904262185096740723e-01,-6.927101016044616699e-01,4.178728461265563965e-01,-9.988316297531127930e-01,1.388907551765441895e+00
-1.071784973144531250e+00,1.948090642690658569e-01,-1.098938822746276855e+00,5.947866439819335938e-01,-8.425197601318359375e-01,1.362847685813903809e+00
-1.055541157722473145e+00,4.899413511157035828e-02,-1.343583583831787109e+00,7.324426770210266113e-01,-7.110646963119506836e-01,1.320297360420227051e+00
-1.249304890632629395e+00,4.615221619606018066e-01,-7.267034053802490234e-01,3.919931948184967041e-01,-1.126108765602111816e+00,1.345946788787841797e+00
-1.239603042602539062e+00,2.758520543575286865e-01,-1.080026865005493164e+00,5.651109814643859863e-01,-9.695201516151428223e-01,1.330175399780273438e+00
-1.243666410446166992e+00,3.312368094921112061e-01,-9.311992526054382324e-01,5.008252263069152832e-01,-1.014088988304138184e+00,1.354374647140502930e+00
-1.108216643333435059e+00,4.930315017700195312e-01,-4.797961711883544922e-01,3.336937129497528076e-01,-1.107483267784118652e+00,1.365805983543395996e+00
-1.064993023872375488e+00,5.271617174148559570e-01,-2.608452141284942627e-01,2.909617424011230469e-01,-1.133076667785644531e+00,1.356851816177368164e+00
-1.516841173171997070e+00,6.079357266426086426e-01,-6.666866540908813477e-01,2.995490133762359619e-01,-1.353956341743469238e+00,1.278273582458496094e+00
-1.821975946426391602e+00,6.306529045104980469e-01,-9.388013482093811035e-01,3.446529507637023926e-01,-1.524279952049255371e+00,1.194166779518127441e+00
-1.641110181808471680e+00,5.866973996162414551e-01,-8.056049346923828125e-01,3.404715359210968018e-01,-1.391123175621032715e+00,1.253508448600769043e+00
-1.616019129753112793e+00,6.410353183746337891e-01,-6.779855489730834961e-01,2.805534601211547852e-01,-1.423472762107849121e+00,1.256434321403503418e+00
-1.876662611961364746e+00,8.251284956932067871e-01,-5.418124198913574219e-01,1.242421120405197144e-01,-1.702962279319763184e+00,1.174192428588867188e+00
-1.265346765518188477e+00,1.334108412265777588e-01,-1.355201482772827148e+00,7.226309776306152344e-01,-8.560919761657714844e-01,1.275674223899841309e+00
-1.056765794754028320e+00,2.460011839866638184e-02,-1.386176586151123047e+00,7.576487064361572266e-01,-6.891161799430847168e-01,1.309073328971862793e+00
-7.751940488815307617e-01,-1.001307442784309387e-01,-1.429494261741638184e+00,7.783045172691345215e-01,-4.935233592987060547e-01,1.344729304313659668e+00
-7.628876566886901855e-01,-6.993778795003890991e-02,-1.376489877700805664e+00,7.487251758575439453e-01,-5.184817910194396973e-01,1.361440896987915039e+00
-1.259953737258911133e+00,3.245529234409332275e-01,-9.837006330490112305e-01,5.166867375373840332e-01,-1.016414880752563477e+00,1.339607596397399902e+00
-1.713156223297119141e+00,8.215473890304565430e-01,-3.850153684616088867e-01,1.049328222870826721e-01,-1.626779675483703613e+00,1.192324757575988770e+00
-1.692557215690612793e+00,8.215874433517456055e-01,-3.628360331058502197e-01,1.014558672904968262e-01,-1.619633555412292480e+00,1.191953897476196289e+00
-1.077634334564208984e+00,3.759234547615051270e-01,-7.517122626304626465e-01,4.360946714878082275e-01,-9.954126477241516113e-01,1.384710669517517090e+00
-3.974345624446868896e-01,-3.772284090518951416e-02,-1.081907510757446289e+00,6.296367049217224121e-01,-4.720807075500488281e-01,1.480547070503234863e+00
-1.284083724021911621e+00,4.831119775772094727e-01,-7.141110301017761230e-01,3.786416649818420410e-01,-1.157075643539428711e+00,1.337122082710266113e+00
-1.219599127769470215e+00,2.356337755918502808e-01,-1.140167474746704102e+00,6.006554961204528809e-01,-9.286528229713439941e-01,1.326522350311279297e+00
-1.142079710960388184e+00,1.005579996854066849e-02,-1.471280932426452637e+00,8.054922819137573242e-01,-7.007713317871093750e-01,1.267859697341918945e+00
-1.526592016220092773e+00,4.887008965015411377e-01,-8.836715817451477051e-01,4.173294603824615479e-01,-1.258814692497253418e+00,1.286487460136413574e+00
-1.682547569274902344e+00,7.677439451217651367e-01,-4.772337973117828369e-01,1.596321165561676025e-01,-1.563038229942321777e+00,1.216920018196105957e+00
-1.719962596893310547e+00,7.683647274971008301e-01,-5.071091055870056152e-01,1.637887507677078247e-01,-1.578496336936950684e+00,1.213955521583557129e+00
-1.666981935501098633e+00,5.367865562438964844e-01,-9.749554395675659180e-01,4.131521582603454590e-01,-1.368586778640747070e+00,1.234258055686950684e+00
-1.441365957260131836e+00,-3.517918288707733154e-02,-1.697503805160522461e+00,9.535251855850219727e-01,-7.571344971656799316e-01,1.124494075775146484e+00
-1.711059808731079102e+00,3.925120234489440918e-01,-1.249361395835876465e+00,5.789199471473693848e-01,-1.269552111625671387e+00,1.198322653770446777e+00
-1.166659832000732422e+00,1.447461694478988647e-01,-1.261260509490966797e+00,6.760494112968444824e-01,-8.321689367294311523e-01,1.316964507102966309e+00
-1.431184411048889160e+00,3.686855733394622803e-01,-1.078996419906616211e+00,5.303458571434020996e-01,-1.123172998428344727e+00,1.285831332206726074e+00
-1.812355875968933105e+00,6.998030543327331543e-01,-7.555411458015441895e-01,2.536622881889343262e-01,-1.569960713386535645e+00,1.200265407562255859e+00
-1.855085492134094238e+00,7.446362972259521484e-01,-7.052496075630187988e-01,2.110901027917861938e-01,-1.628668308258056641e+00,1.185837864875793457e+00
-1.604104280471801758e+00,5.332869887351989746e-01,-9.021972417831420898e-01,3.968221545219421387e-01,-1.333642125129699707e+00,1.258275032043457031e+00
-1.154936432838439941e+00,5.928990840911865234e-01,-1.362375617027282715e-01,2.399944663047790527e-01,-1.226035237312316895e+00,1.319852948188781738e+00
-9.912092685699462891e-01,4.778983891010284424e-01,-3.293977379798889160e-01,3.253950774669647217e-01,-1.065889716148376465e+00,1.380510926246643066e+00
-8.031542897224426270e-01,3.301718235015869141e-01,-5.735189914703369141e-01,4.248592853546142578e-01,-8.813694715499877930e-01,1.433131575584411621e+00
-1.012785077095031738e+00,3.795627951622009277e-01,-6.829785108566284180e-01,4.207691252231597900e-01,-9.789255261421203613e-01,1.395866751670837402e+00
-1.426475286483764648e+00,4.763867259025573730e-01,-8.294592499732971191e-01,4.084534645080566406e-01,-1.205556035041809082e+00,1.310354351997375488e+00
-1.947433590888977051e+00,2.978061735630035400e-01,-1.529399394989013672e+00,7.402541041374206543e-01,-1.307376027107238770e+00,1.094161868095397949e+00
-1.582038044929504395e+00,5.216079950332641602e-01,-8.939911723136901855e-01,4.015918970108032227e-01,-1.312909364700317383e+00,1.266609191894531250e+00
-1.188233733177185059e+00,5.868437886238098145e-01,-2.648534774780273438e-01,2.546516954898834229e-01,-1.221576690673828125e+00,1.326762795448303223e+00
-1.496441602706909180e+00,4.951803982257843018e-01,-8.450632095336914062e-01,4.030113518238067627e-01,-1.250177025794982910e+00,1.294484257698059082e+00
-1.911294817924499512e+00,6.535379290580749512e-01,-9.809601902961730957e-01,3.388691544532775879e-01,-1.592332363128662109e+00,1.168776869773864746e+00
-1.190420866012573242e+00,4.092417955398559570e-01,-7.774375677108764648e-01,4.275417625904083252e-01,-1.060829997062683105e+00,1.361879706382751465e+00
-4.596680402755737305e-01,1.839195787906646729e-01,-5.978911519050598145e-01,4.848509728908538818e-01,-6.846622228622436523e-01,1.485316753387451172e+00
-5.903942584991455078e-01,9.332321584224700928e-02,-9.412156343460083008e-01,5.723752379417419434e-01,-6.244662404060363770e-01,1.471127629280090332e+00
-6.969563364982604980e-01,-1.165493726730346680e-01,-1.424997210502624512e+00,7.703207135200500488e-01,-4.574340581893920898e-01,1.357838034629821777e+00
-8.059247136116027832e-01,-1.535872519016265869e-01,-1.525793671607971191e+00,8.361436128616333008e-01,-4.503171145915985107e-01,1.309081912040710449e+00
-1.055675745010375977e+00,-5.562394484877586365e-02,-1.520554423332214355e+00,8.393928408622741699e-01,-6.116572618484497070e-01,1.267832398414611816e+00
-1.308634281158447266e+00,5.221206694841384888e-02,-1.508801221847534180e+00,8.202083706855773926e-01,-7.954939603805541992e-01,1.223059535026550293e+00
-1.429995179176330566e+00,1.675351858139038086e-01,-1.408223748207092285e+00,7.390381693840026855e-01,-9.482142925262451172e-01,1.227867960929870605e+00
-1.707463264465332031e+00,4.970550537109375000e-01,-1.080733060836791992e+00,4.661681950092315674e-01,-1.355898857116699219e+00,1.217360734939575195e+00
-1.897948145866394043e+00,7.240922451019287109e-01,-7.965161204338073730e-01,2.456010729074478149e-01,-1.637085318565368652e+00,1.177187919616699219e+00
-1.692379236221313477e+00,8.315690755844116211e-01,-3.357910215854644775e-01,8.972024172544479370e-02,-1.629773259162902832e+00,1.186564326286315918e+00
-1.503310680389404297e+00,7.331886291503906250e-01,-3.298062980175018311e-01,1.635959595441818237e-01,-1.461806178092956543e+00,1.244056224822998047e+00
-1.228214263916015625e+00,4.564498066902160645e-01,-7.181853652000427246e-01,3.926655650138854980e-01,-1.114328145980834961e+00,1.350432038307189941e+00
-1.034101366996765137e+00,2.267972081899642944e-01,-9.881231784820556641e-01,5.508683323860168457e-01,-8.564443588256835938e-01,1.389249682426452637e+00
-8.473574519157409668e-01,3.374080359935760498e-02,-1.245340585708618164e+00,6.816077232360839844e-01,-6.354062557220458984e-01,1.378656148910522461e+00
-7.351526021957397461e-01,-8.090873807668685913e-02,-1.382478356361389160e+00,7.505159974098205566e-01,-5.009856224060058594e-01,1.364070296287536621e+00
-7.563079595565795898e-01,1.261761188507080078e-01,-9.742917418479919434e-01,5.747519135475158691e-01,-6.917489171028137207e-01,1.446063518524169922e+00
-7.607637047767639160e-01,3.328810632228851318e-01,-5.015880465507507324e-01,4.152538180351257324e-01,-8.758519887924194336e-01,1.438050508499145508e+00
-8.086872696876525879e-01,3.440339565277099609e-01,-5.349102020263671875e-01,4.139658212661743164e-01,-8.956019282341003418e-01,1.430796146392822266e+00
-9.073122739791870117e-01,1.676513105630874634e-01,-1.015132427215576172e+00,5.748863220214843750e-01,-7.683739662170410156e-01,1.409950613975524902e+00
-9.696525335311889648e-01,-3.120919130742549896e-02,-1.420130014419555664e+00,7.799211144447326660e-01,-6.119027137756347656e-01,1.315420627593994141e+00
-1.195533871650695801e+00,2.268807590007781982e-01,-1.136188864707946777e+00,6.014342308044433594e-01,-9.124997854232788086e-01,1.332177400588989258e+00
-1.407641172409057617e+00,4.716744720935821533e-01,-8.248397111892700195e-01,4.096360206604003906e-01,-1.194072604179382324e+00,1.314524531364440918e+00
-1.425777077674865723e+00,6.167199611663818359e-01,-5.598296523094177246e-01,2.748895883560180664e-01,-1.325852751731872559e+00,1.290613889694213867e+00
-1.393280386924743652e+00,7.084245085716247559e-01,-1.864391416311264038e-01,1.651908457279205322e-01,-1.402488827705383301e+00,1.260065913200378418e+00
-1.388149261474609375e+00,7.247166037559509277e-01,-7.575235515832901001e-02,1.427998393774032593e-01,-1.422988295555114746e+00,1.245813012123107910e+00
-1.448478341102600098e+00,6.900464892387390137e-01,-3.791036009788513184e-01,2.003248780965805054e-01,-1.400559902191162109e+00,1.266690135002136230e+00
-1.505254030227661133e+00,5.728681683540344238e-01,-7.224641442298889160e-01,3.314648866653442383e-01,-1.319113135337829590e+00,1.285553097724914551e+00
-1.196703314781188965e+00,2.612056136131286621e-01,-1.070316076278686523e+00,5.660453438758850098e-01,-9.414160847663879395e-01,1.340808629989624023e+00
-8.024125099182128906e-01,-6.849718838930130005e-02,-1.391280531883239746e+00,7.586383819580078125e-01,-5.304489731788635254e-01,1.351307511329650879e+00
-1.064469456672668457e+00,-6.705255806446075439e-02,-1.545254468917846680e+00,8.546887040138244629e-01,-6.025391221046447754e-01,1.257468819618225098e+00
-1.661159634590148926e+00,8.308687806129455566e-02,-1.646482586860656738e+00,8.946631550788879395e-01,-9.654047489166259766e-01,1.105638146400451660e+00
-1.834375023841857910e+00,2.453894615173339844e-01,-1.529709815979003906e+00,7.679834961891174316e-01,-1.200359821319580078e+00,1.113693952560424805e+00
-1.709184765815734863e+00,4.938039481639862061e-01,-1.087547063827514648e+00,4.700786471366882324e-01,-1.354050040245056152e+00,1.216420888900756836e+00
-1.508322358131408691e+00,5.613138079643249512e-01,-7.451084256172180176e-01,3.428280651569366455e-01,-1.310571074485778809e+00,1.286284804344177246e+00
-1.196401357650756836e+00,5.234561562538146973e-01,-5.128512382507324219e-01,3.218180239200592041e-01,-1.161620974540710449e+00,1.347087025642395020e+00
-1.140671491622924805e+00,4.082141220569610596e-01,-7.396799325942993164e-01,4.195667505264282227e-01,-1.043330550193786621e+00,1.370943665504455566e+00
-1.151086807250976562e+00,5.151455402374267578e-01,-4.725398719310760498e-01,3.206824958324432373e-01,-1.140214443206787109e+00,1.355208754539489746e+00
-1.009786367416381836e+00,2.346909493207931519e-01,-9.402408003807067871e-01,5.358003377914428711e-01,-8.544204235076904297e-01,1.402710795402526855e+00
-1.189829945564270020e+00,2.377168387174606323e-01,-1.110897660255432129e+00,5.882795453071594238e-01,-9.194615483283996582e-01,1.336873531341552734e+00
-1.452432632446289062e+00,2.212162911891937256e-01,-1.341045618057250977e+00,6.901417374610900879e-01,-1.005451679229736328e+00,1.239243268966674805e+00
-1.476110219955444336e+00,4.326337277889251709e-01,-9.953882098197937012e-01,4.745574593544006348e-01,-1.194854855537414551e+00,1.282694935798645020e+00
-1.370902657508850098e+00,6.595530509948730469e-01,-3.449135720729827881e-01,2.165698409080505371e-01,-1.344663977622985840e+00,1.285920739173889160e+00
-1.131998658180236816e+00,4.845285415649414062e-01,-5.402280092239379883e-01,3.467876911163330078e-01,-1.106716513633728027e+00,1.364117741584777832e+00
-8.785474300384521484e-01,1.449153423309326172e-01,-1.046712756156921387e+00,5.893789529800415039e-01,-7.409690618515014648e-01,1.409455060958862305e+00
-9.951967000961303711e-01,1.674288064241409302e-01,-1.094538688659667969e+00,5.996241569519042969e-01,-7.947651743888854980e-01,1.378681540489196777e+00
-1.542677879333496094e+00,5.116443634033203125e-01,-8.521899580955505371e-01,3.963527679443359375e-01,-1.284049510955810547e+00,1.283007025718688965e+00
-1.877881050109863281e+00,8.128775954246520996e-01,-5.707429647445678711e-01,1.380268782377243042e-01,-1.693730711936950684e+00,1.175929427146911621e+00
-1.761534333229064941e+00,6.820452809333801270e-01,-7.352890372276306152e-01,2.622165977954864502e-01,-1.528171181678771973e+00,1.215835690498352051e+00
-1.452875018119812012e+00,3.959158658981323242e-01,-1.046999692916870117e+00,5.077273249626159668e-01,-1.154862999916076660e+00,1.283766388893127441e+00
-1.223226547241210938e+00,2.759519815444946289e-01,-1.064350128173828125e+00,5.593158006668090820e-01,-9.634027481079101562e-01,1.335789561271667480e+00
-1.244733452796936035e+00,3.228853344917297363e-01,-9.635124206542968750e-01,5.119798183441162109e-01,-1.008720636367797852e+00,1.347380280494689941e+00
-1.247972846031188965e+00,3.273435235023498535e-01,-9.518727064132690430e-01,5.073742270469665527e-01,-1.013229846954345703e+00,1.349094748497009277e+00
-1.211489796638488770e+00,1.773880869150161743e-01,-1.239430904388427734e+00,6.585059762001037598e-01,-8.761487603187561035e-01,1.311951637268066406e+00
-1.229500174522399902e+00,-4.412281326949596405e-03,-1.548455476760864258e+00,8.518494963645935059e-01,-7.138350009918212891e-01,1.225021481513977051e+00
-1.337630033493041992e+00,2.484419196844100952e-01,-1.216093063354492188e+00,6.275829076766967773e-01,-9.840661883354187012e-01,1.288818359375000000e+00
-1.476537227630615234e+00,4.802335202693939209e-01,-8.538927435874938965e-01,4.132682085037231445e-01,-1.229245543479919434e+00,1.300134181976318359e+00
-1.663522481918334961e+00,5.797479748725891113e-01,-8.437842130661010742e-01,3.548831641674041748e-01,-1.397150397300720215e+00,1.247786283493041992e+00
-1.677560448646545410e+00,5.640053153038024902e-01,-9.274595975875854492e-01,3.847265243530273438e-01,-1.395457386970520020e+00,1.234411954879760742e+00
-1.408203601837158203e+00,4.069471955299377441e-01,-9.649418592453002930e-01,4.775200188159942627e-01,-1.143594861030578613e+00,1.304608821868896484e+00
-1.150742173194885254e+00,2.782188653945922852e-01,-9.769223928451538086e-01,5.313656926155090332e-01,-9.380959272384643555e-01,1.366159558296203613e+00
-1.822472333908081055e+00,6.713021993637084961e-01,-8.273274302482604980e-01,2.908550202846527100e-01,-1.553477525711059570e+00,1.200321674346923828e+00
