-1.57743793051762,-0.143092377863194,-2.24996094850377,1.07559807372089,-1.92005121528415,-2.24827408858376,0.996073676129377,1.77517026525117,-0.552964123070928,0.194327051620029,0.0594833008114846,-0.536006182526991
-1.87515174864431,1.03565296427546,-1.71357314452705,2.20909715261014,-0.295189823536562,2.1921893655676,0.0568020812492705,0.19257384129913,-2.8480115402405,0.0205676980791453,-0.0746058280199026,-0.338124878583156
1.42079612348978,2.99371709960938,0.954468772049599,-1.42720710679005,-2.48263883646229,-0.32984312433181,0.492077264162002,1.8569043168094,-1.24159584802511,0.144068832069355,-0.374773996076199,0.0855926337338406
0.547429301020701,0.61776505272728,-2.93808275443708,0.822224184977522,1.96752442825483,2.75834942573526,1.20072873734629,2.42377912869535,0.284262571559374,0.0520377194410365,0.0988302510293596,-0.304361107587014
1.4236285427984,-0.0294271971972366,1.09895518647613,-0.66868570824511,-2.08891139320052,-2.17535070015979,2.75535888605269,0.744172046535104,-0.191645480779101,0.174522771698903,-0.384538333831406,-0.694359837422575
1.79162302421518,2.32735856785293,-0.402806051080615,3.09862441730808,2.74801534958404,-2.90780577092248,-0.000672902114752855,2.06482589861349,-0.0294921583472247,-0.174674263223893,-0.149345476813187,-0.0644958518462911
1.35332986482389,-0.709807665244234,1.75056501372915,2.26876221014695,-0.628504248159795,1.24973216291867,-1.66205048760313,-0.376313702398879,1.09663686475821,-0.179270462832783,0.61674828867408,-0.0720225600332579
-1.15946862483296,-2.91197884448492,-0.547167087402128,-2.91745081604468,2.76414835031487,1.67627404385631,0.307727680399829,-2.45309038365599,1.56781067192726,-0.292777735424095,-0.143517785137698,0.263064354585891
0.409910974127012,2.5782602616756,1.15166209952096,-1.38524551249266,1.67426210078967,-2.73379982703862,-1.80225885844521,0.623705712367617,-0.182819278868411,-0.432712613556909,-0.00636765979186589,-0.236475467789027
-0.375496164906918,1.20221150263819,-1.28775062166308,-2.6096917261803,1.76113692361344,-2.14977377702201,-0.80763563620873,0.292742641131776,0.25958009341576,-0.399434709077019,0.330249868388471,-0.229852571599993
1.88035919862316,-0.183556074514072,2.69065682148428,-1.43190678387295,1.51267447220144,-1.75797524622212,-0.775411101871479,0.984296771858142,1.49217911474617,0.153491705526009,0.547098680670761,-0.173518120591269
-0.690558659222277,0.330400863827081,2.56960673870271,0.0145195698864038,-0.623827069484811,-0.0477495813884403,0.92272744341405,-0.131850525421418,-2.72315809978429,-0.324312721500036,-0.288231469567484,0.16343837099671
-1.81392603532821,-2.7643684730778,1.98085079180033,-0.862776731716093,-1.22468956718389,-0.517995355670606,0.648227043520274,-2.29331119727245,0.967002164033064,-0.639157660722651,0.00713076449691254,0.34684710387065
2.75561940356413,-1.38923947413032,1.93165415046825,0.0959849866719262,-2.65230822309435,-0.54325998581629,0.377591530910268,2.10040394743609,0.00871846600256856,0.25267946736304,-0.0482649786097981,-0.453260110017272
-3.07237876512543,-1.49466191740652,2.15844334125505,0.555203785803789,-0.97750948794234,0.499337339546762,-1.85067260902824,-1.87751143362482,-1.20087764858588,-0.407744760865285,0.0383073174158237,0.154903919668616
-0.763619590075778,-0.874192044121879,1.43029101212249,1.42115676379269,-0.83970598062023,-2.09285224085999,-0.302976167085528,0.170500616848397,-2.11195995816608,0.00369853395277155,0.0283720225762965,0.22721062817888
-2.98063887107625,2.91970513875775,1.99353766450684,-2.41742410126228,0.61702048833016,2.16618060674331,0.737577086787842,2.75294589417662,0.379175929140752,0.311416326100014,-0.0223196149169579,0.116367102742923
-2.22851827848769,-0.889796203910966,2.91978996811411,-2.54618439357153,0.893205077600579,2.45452790307385,-2.08659133473582,-2.05564114527424,0.869245721068099,-0.161041421458113,0.185511662852329,0.284974402468014
2.89435896480157,1.13982861251831,2.69573670535061,0.265624403788571,0.289104438801655,-0.145967909006539,-1.73896271214371,2.39361088847114,-0.404690843285011,0.196349038914886,0.537547635142867,-0.150557788044848
0.342585720699286,2.50635163715869,3.00055290440965,0.50589785024472,-2.12958249275823,-0.331873995632277,-1.314314542183,0.470350026974408,-2.24371617289769,-0.0542724326219841,-0.0681978681390628,0.0216181186061931
1.11076807293619,2.63276671762197,-0.711725500332099,-0.324053758134542,0.691066072202974,2.11292616848668,-0.8803421894276,-1.288082857293,2.59583174817507,-0.606518730177613,0.127667839404045,0.1010443296924
2.16795233509026,-2.52675379948265,1.4392199346472,-1.82461488077443,-2.44840635006187,2.20304669185705,-1.15964849091833,-0.357229857644205,0.0650429778023377,-0.281289317030454,-0.0210140251932444,-0.182410188242527
-2.34986868217358,1.55360746687327,0.190545064674415,2.77259689687836,-1.95688788296148,2.76300007541764,2.37772091133215,-0.139729206555107,-1.39441189521615,0.0747077550666349,-0.418023121637549,-0.346535468636661
0.929058530693968,0.0319954998558829,2.03750552147457,0.215011949054686,-2.02476687937447,0.424001177752341,0.569812478298011,0.46517425441505,2.19779891941239,0.296995151038022,0.114216449412015,-0.0672572401042789
0.629583891621697,0.703006594756212,-1.95465635724599,-1.72500222664725,-2.29270427082587,0.0637410364758359,1.22447828541121,1.97129009316821,-0.0448060451468957,-0.0491963082092093,-0.00826424331127599,-0.288865147494576
-2.5831771266132,1.48517958159798,3.02012874765029,-1.28323159241843,1.01319726263552,3.10856223987815,1.30695272691059,0.0688438577649931,0.0663818826784578,-0.17042412527735,0.110009626688929,-0.17366144579446
0.639765718750546,1.48838477871358,-0.0832260898660597,-1.10801044705614,2.74409393911108,1.49893837738482,-1.60041115914571,-1.78412856567355,1.4945188146467,-0.197873203465772,0.16752934113748,0.712694871910632
0.157499824609469,-1.25366781156929,-2.62477359440603,-1.73174975918922,1.46484582581827,0.989098037544671,-0.705912935810619,-1.41916555946793,1.38466065311484,-0.198196017161052,0.389119605700657,0.179526899799878
-2.4763349895649,2.78513846018341,-1.559600657123,0.284379384653192,2.55995849444626,3.05705128505615,-0.437495206878587,0.378305785838806,-0.494374399311869,-0.218497422181487,-0.143325127841814,-0.1531466186704
-1.17816314074796,-1.81405942845783,-1.75706672730193,1.72315069092704,-1.07637242099729,-1.26182727443317,-0.821582724368919,-0.616033226234791,-0.713193014724365,-0.0688057675043956,0.260526791316734,0.443048143441672
-1.00526323036774,1.30500270561687,0.845268566001517,-2.74159215915949,-2.79548620940157,-2.19431752969855,2.15238526229089,-0.241551002164867,-2.12577447092307,-0.437570360336671,-0.959674984277062,-0.27993388393362
-1.7262604782893,-2.13274947752223,-2.91009178917385,-0.771709506984295,-0.982117257078514,0.499044855061783,0.49113546601132,-1.67434965655113,0.502706517595516,-0.414076674852813,0.223235405557191,0.248714593182054
-1.93867534811435,0.0965456360128346,0.911259488916692,-1.4660173940877,0.525524979681017,-1.9540023531513,0.907328037602448,1.07171270569925,0.226398482702178,-0.00382795301028199,0.559247091777721,-0.328039517596371
1.1437368222424,1.67460382307172,-2.34720896215389,-2.11362505986201,1.62353512198646,-3.07823291300855,0.681892586963485,-0.490106919992863,1.8540541163323,-0.230302828591451,0.248887405612233,0.0631778421613995
3.08161630619297,1.7559285108111,-1.47566723448331,-0.593949565434497,0.936248439871251,0.419785854166716,2.43638149001249,-1.22944058348107,-0.171022060901552,-0.18863158107771,-0.416376534216258,0.240566528428459
-2.60276799217062,1.16688094820115,0.487727122468964,0.661066723762794,-1.25500603749178,-2.90392039365994,0.660417747059714,1.11471098913383,0.489111311388771,0.399702886728634,0.324283618866745,-0.302583987653165
2.52881881916663,-3.11286193825922,-0.0895246962392304,-0.742830346716909,0.0708930867727488,0.40687901387658,-3.06572982768317,0.269197420165495,-0.422618840032142,-0.0727300009825809,0.524764496836636,-0.65470657559455
-2.28907687612786,1.95324334496576,1.03148288144942,-1.11317292353199,-2.01295978014727,1.83819668004757,0.311444170395642,-0.480721984171879,1.49834841768991,-0.103373902073417,0.055030066135287,-0.377545319459539
-2.87642560115963,-2.20219970270782,2.4218020653775,3.0327629401099,1.06837198000581,1.86970356703473,0.421372301584949,2.0368248078983,-0.588769580502388,0.0983271070278157,-0.0475024171670683,-0.121847207921147
-2.29345095550109,-2.16081756715223,-1.80173923839825,-1.50129239365898,2.55054936042446,-1.60829697583701,2.39785376860066,0.787477127522602,-1.07742995519575,-0.29357967223736,-0.298201896771946,-0.231286932227866
-1.09262971919454,-0.177917875338659,0.154969249527809,2.79788622141218,-2.08452053801312,-2.79169937928892,-1.45728706196742,-0.671053886981161,1.0879048085638,0.214801298203317,0.588205665562249,0.444326861668071
-0.352888780318686,-1.03591712628726,2.23914171336496,1.61317278004125,0.460698529603883,-2.26495907623783,0.452193912204172,0.463522305895027,2.71369726066927,0.00403798110852871,0.216804625491304,0.0334434382381619
0.305649385671486,0.819224504893005,0.0850992042299096,-1.43939961696685,1.52713012827588,0.586182562853384,-0.821322613879286,-0.970822550017915,1.50944710496127,-0.174544459083885,0.757860314394987,0.567520284525298
1.06850107086634,1.14707385819022,-2.55687236764087,0.4007136893893,-0.665343095853306,-2.83615036121438,-2.9387801217258,0.338811037207999,0.647327830039319,-0.197058359789617,0.150550766283291,-0.0327750824321968
2.58910480678009,-1.94982266113472,0.379618555407906,3.13221262336086,-0.48459258211397,0.193243023892792,-0.664756712322165,-0.252474601454619,1.72895425053148,-0.588783546000256,0.609339723283444,-0.0378400486133184
1.05823605474242,2.49679145118792,-0.989897417571757,1.76257270227259,-2.89935521429471,-1.30236687097805,0.446269371988526,-2.01961328553184,0.0804445290774828,-0.239027795159011,-0.194464700178062,0.492376736575699
-2.18627184512003,1.80476378392807,0.247776574535723,0.703152405653513,2.74337414451064,0.0586970661114424,-1.96199649050576,1.8472337085192,1.6147676488737,0.705636722638286,0.643335242069651,-0.00654348116221209
2.62884417882663,0.336639321789182,2.41329370772403,-1.4096576677993,-1.37874491961421,0.844107076615442,-1.66646829364168,-0.0390490398669634,-0.689060179605535,-0.399355791492799,0.474636551880473,0.136857169869066
2.26247682120595,0.712820012457765,0.948030714095473,-1.67825028187876,-2.52589996901518,-0.714934821335329,-1.5841879680465,-0.347859304648228,-1.93096601669747,-0.418669502921607,0.255806634099171,0.548046130850903
1.33656459629892,-1.72566331118332,1.27021951226845,1.62930183007573,1.91521425307549,-0.964144335229977,-0.300805582212493,-0.996373888111078,-1.26672903581902,-0.16946816889008,-0.103993432694098,-0.086709448268886
-2.06103470684342,0.161910568988216,3.10980578460715,2.91867308328342,-2.49862130982517,1.79710803893082,-0.109078158918178,3.00822694192415,0.689390623407428,0.331600582180111,0.305531803613926,-0.161994062530993
-0.344269324918423,-1.86479422868346,2.09496348125194,-2.84188064660194,-2.02070865949604,-0.36888302635883,2.12948610112786,1.23407373558976,0.0325718942108186,0.0919658269083713,-0.305338756712463,0.116300523919036
1.1286306746507,2.98539597605076,-2.35362514728482,-0.191537940279778,-1.04266558172834,-2.86705325260591,-2.04305034871645,-1.27948675118932,0.915806692840483,-0.176422971620498,0.373084738417534,-0.0312251653935392
-1.7572591090897,-3.13618949793551,-1.47712814565269,2.13364564728503,-0.984424492606612,-2.41118860329989,0.280768945714529,-1.15238998194539,-1.21288395405058,0.0120037471352924,-0.225757596232186,0.362355511054998
-2.37140241440031,1.3631154938717,2.70241106285002,0.862347641406033,-0.223315588788456,-2.96145596720571,-0.0647006318775098,1.53593562413309,1.70229157669104,0.176156963579354,0.411170733227616,-0.197878835263676
-0.444960636075394,-1.68279359215414,2.20397559911745,1.39729445702935,2.21143362951668,-0.828162851645633,-0.154130738975827,-2.52466916874718,-1.75547617799827,-0.178295173357133,-0.0871505090119845,0.340575460903747
-0.373731480212897,2.92128084591891,-2.76218755647246,-0.507076365661233,-0.724907736431729,0.591145826498997,0.625433526317985,-0.358003784889171,-1.12130636155318,-0.22965465437078,-0.00339876074715516,0.184677712027715
-1.32388544192674,-2.3270371319962,-2.39348178328793,-0.885086684952966,0.792216169309217,0.35312194387107,-0.906548608746354,-1.753008578202,0.329110724331381,-0.241938998679441,0.296000623335058,0.375181937137521
1.0547810038007,-1.52646819904866,1.10161473671301,2.39460379989992,0.384951938245758,3.09884354497507,-2.22406548145469,-0.318629988418,-1.80600090823048,-0.106030451044378,0.424458928925375,-0.308463598389993
-2.75000227787439,2.45488419989649,0.231044003500536,2.94497722322078,-0.623071738116738,1.03778004788958,0.704025258537004,0.126398498885008,-2.73815710178967,0.394970695337759,0.0428050235646525,0.0280565455113069
2.40350475152797,-2.30352088928048,-1.36866272398208,0.120422159713118,-2.37484822747162,-1.69360853389985,2.56565334679268,-0.0394284574209856,-1.46093247867852,-0.194876514411702,-0.991344437225426,0.0128605120387884
-1.84862712311556,-2.02020473808857,0.449568036883833,2.17333305187327,2.41328715980545,-0.918016238265295,-1.20579555898751,1.36429571868219,-0.570997482373139,-0.119297480184407,-0.190265612228988,-0.137787626295461
1.06865080365365,3.11776823260722,-0.225827448779895,-2.68040965130339,-3.05199154639739,0.326585081416346,0.0961935871105526,-2.19991395543767,-0.12547799014977,-0.449432139588344,-0.255105681315316,0.230157524730956
2.42168391470522,-1.00696390732222,-2.82921619012486,0.55148213418306,-2.24469603239198,-2.76631512297368,0.212662370734846,-0.580373342867183,0.617625344077503,-0.128595085805132,0.346970227259727,-0.0500263523398171
-0.311076751972115,-0.831673387496809,0.0123086803591104,0.604166091786692,0.366899397533177,-3.00707973118892,-0.521142709631415,-2.69889450682982,-0.613560648880412,0.00560193734981355,0.538553536977366,0.0908769508161311
-0.947151740615648,1.81909845818025,-1.99497037093901,2.1791796479379,-2.08362853021579,0.0491290197055045,0.934631298407016,2.69068652614309,-0.672299184001291,0.517704112083298,-0.37289045530311,-0.297177801977542
-0.710717149457604,0.408742257089651,-1.48111826425008,-2.35661153740059,1.30285087972768,0.366379790395073,-0.0952529304337034,2.48315060185353,-1.32864730315969,0.354605436401205,0.0771656435379718,-0.672390594552674
-1.58259045692949,-2.72130662550032,2.14759790249336,-2.37086928886535,-0.068712297564558,-1.87022987573208,-1.44297864124914,0.407756643897632,-0.314076697735184,-0.0353792945945443,0.195308515858748,-0.267516649192703
2.1197926992293,0.268400536580243,-1.83233316032227,2.55823223029082,-1.57856967028945,2.38450792007302,-2.86508230522686,1.16459744139854,-0.149525264246898,-0.243447394971304,0.0240700739652064,0.26618259766571
-1.71538297402485,2.45026254956492,3.05561758729167,1.05185283347314,0.751929945810624,-2.0568708042674,0.947604773693571,-2.77578058549029,0.0261291234682609,-0.379346660005278,0.119530455380817,0.431606358682826
-1.70557753657397,-1.1302905138402,-1.4042253936539,-1.21574525182812,1.46858811385441,-1.54746940890623,0.893998876521316,1.21209427622037,-1.45226074046947,-0.286019308508875,0.0427083829956786,-0.319064948268067
-2.22831902777344,-2.96398111549048,0.0474830100370068,2.06782287765763,1.49160355418662,-0.54552013669744,-1.73897403428087,1.13862535212425,-0.646428932891834,0.171670029166415,-0.00682388915292022,-0.448473391848042
-0.268263259359287,0.406036305839865,1.02161841310795,0.968097510434968,-0.519144292865135,1.23786973847806,0.847156320982728,1.8822414753912,-0.822461789700106,-0.0569524228022387,0.346285705187894,-0.312221638048678
-0.59272270157136,1.64645264405563,-1.60106238460555,0.847784117324409,0.357384243371053,-0.534620727735456,1.24635400538068,-0.446650851216955,-2.5145443105991,-0.00418760062725458,-0.839200082941076,0.316762728390674
1.48827306473326,-2.43423653126639,-1.29742208097273,0.994877498696491,0.336284670263366,-0.470457873595498,-0.251504495111715,1.67503907361231,-1.08889807856693,0.511802120269189,0.116814723437284,-0.381647261725941
0.0267249916313036,-2.8448453001163,0.360896160032569,-2.60995797016547,-3.00774841249583,1.84429572673042,-0.118333964790154,-1.79817257700947,-0.186117979125861,-0.286469989002371,-0.227744153931836,0.0388802471293909
-3.08768911356615,0.680752181919968,-2.02062914127665,2.06582497362792,-1.83067481213813,2.78279715949219,1.53841832979994,-1.57183787215174,-0.886886979996419,-0.178486769504138,0.0274621835925465,-0.1296190325119
2.29609337974522,-1.65453887928195,-1.98565462448992,1.92659167840121,1.81287209018659,1.69938997355622,-1.52923813136097,0.00525543133181477,-0.714262913989004,-0.468507407955704,0.49751031068938,0.0343511920403289
1.06391097514405,2.51294268108847,-1.98657362172543,-2.92929405764023,-2.8184535727671,-3.07258529085923,0.660207183780747,0.877516579707212,0.856697209329763,-0.121749381588165,-0.0170112768007067,-0.140425991397494
3.04651564603028,1.73502546026518,-0.00666329267134611,0.244796328082953,2.77370495222057,-1.92509759084641,-0.978391049562935,0.569897492034991,1.50168789797136,0.309865127003893,0.0692193939191827,-0.00782758554259289
-1.94998664969562,2.49770753590422,2.11290508370048,-1.47578377112367,2.99112262551639,2.87148724372395,-0.0232584714616163,-0.620791957338387,-3.07623702788317,-0.207897194818497,-0.255143684686241,-0.206296493373582
-1.43006155718683,3.00700056481924,-0.527930890520017,2.59624140020982,1.83164640643059,-0.266395062447566,-1.76648551137559,1.58185126684937,-0.786426561042657,0.316830064397549,0.0184887434439255,-0.462836554983708
-1.89134736907597,-0.106363474173732,-2.570578297096,1.78860004756053,1.29254313426915,1.47846438146089,1.65345078626515,-2.05209536662624,1.50917058916576,-0.470034547539293,0.066097139927897,-0.186804059958805
0.627333414522013,1.51621952933666,1.32179164870769,-0.443403835708231,0.841768746682747,-0.0572779140438304,0.201229844698402,0.0799263868347322,1.00018425425612,-0.209526970092086,0.609638459174892,0.260082898714978
-2.00654822828469,2.92857365272137,0.916151122308012,1.10856700325124,-2.19951813191667,-0.515919846644664,-0.87476624673439,-2.78607415239497,-1.14636950805637,-0.655823494562387,-0.0156585895233327,0.0959002425322467
-1.2074715408966,-1.56879752758882,1.06944250375447,-2.87303575084478,-2.77565509575129,2.85518082925775,0.0461650641899759,-1.73325149648577,0.195928740283061,0.0807538848964716,0.0381734554544272,0.270333122378825
-2.60966605848905,-0.26208588136276,-1.42664151585062,-0.567959100502718,2.74072904804487,-2.36130799162682,-0.876989184999686,1.06901625980079,2.45122173226126,0.574051122770496,0.493992893636908,0.0830041159533001
-0.889291288374869,-2.39985149885246,-1.24630780816017,2.38671938534876,0.568149320233706,0.100842674916197,1.58231165621504,0.999803137194856,0.569293553005242,0.064626614707206,0.0904831904620222,0.315894375471149
-1.01333618101266,-0.385729360399916,1.39004845970967,1.40291969005187,-2.81140365269026,1.92133131361119,-1.19583183272677,-0.628882604071496,0.839527947914896,-0.00351443377643504,0.252086001898906,0.349432187714795
3.05702126210245,-2.94486714175473,-2.30690167700871,2.22635187166849,1.74131811191959,-3.02431572646114,-2.06501082935309,0.871557925122944,-0.806050429635044,-0.272233837542447,0.152630440372653,-0.314513467162311
-2.28459954075046,-1.58634816733392,2.60564030174883,-1.37689566613974,2.842727479285,-2.5298148656077,-0.524576268763975,2.56420387007748,1.54325228737354,0.0770385978430315,0.381523015529925,-0.405984148649439
1.95942563531873,-2.82292799798328,2.71236005829825,-1.603126689618,3.09620915115425,-0.803061435231135,-1.57429185074451,1.1070203049914,-2.35846605707667,0.160723417979524,-0.0973323900998473,-0.116789014022578
1.47861411596251,-1.50051206472292,-2.94211958032967,-2.18608446969666,1.75949277826366,0.823350420309849,0.031843007137042,-0.794822707625661,1.03223943140147,-0.27543482757193,0.288601959038799,0.0820099680156655
2.00322625434216,1.48581615684633,-0.785870763331038,2.13077535895516,-1.0897612769673,-2.69145150981742,2.08112726979878,-0.586506788666676,1.11939133923951,0.128969293578059,0.300435791340288,0.243474693801705
-0.249517710345076,2.59191088289967,-1.69759348555937,0.459110557625974,2.31312331992762,-2.5039119647365,0.669229024801794,-2.92397492560958,-0.317785260329485,-0.101828999865319,-0.132243371641602,0.401276043196922
-0.117084275144821,-1.16794749419522,2.22809191271388,-1.89536835190642,-1.28395254813813,2.81452078218074,0.909924189834052,-1.28438368771373,-1.98201178537873,-0.03519844818277,-0.00208953375138311,0.0458674334439277
-1.26208438512862,-1.95070830850791,1.16961470680763,1.84484039804945,0.723285839160282,2.58798586613713,0.696882034113447,-0.210191440083483,2.33300840369012,-0.344189952971117,0.132641959933712,0.221999156391915
-1.78803644385825,2.19404253024068,3.13747247900444,-0.986067008662254,0.866052250162743,1.64230025413132,0.183367146485465,-0.747596895119825,-0.763588932862961,-0.394402399427863,0.115579078409942,0.0425711421900875
1.53609080462931,1.16984348447958,-0.373576765085555,1.31847053660141,-2.90659532297244,1.04058521534873,-1.41700714301461,1.15981458588993,-0.868392718706426,-0.369855438059591,0.0660788498770689,0.34293390243255
-2.60829016799351,0.081502839093391,-2.65227224580623,-1.16742954520167,2.59138089537231,-2.22606146752189,-0.0971224689615262,2.5358737434421,1.08197801989262,0.348379845197035,0.338692447321465,-0.261399543775924
1.08327775950288,-1.27945146011396,0.343553129078933,1.20139433810565,1.53522799230407,3.04686917579012,-0.875806884835833,-1.85235495642327,-1.1450395961998,-0.517940217925552,0.369250627751594,-0.19464366485811
2.03220168723258,-0.603721135487038,0.947094072359893,-2.78156742518195,0.549038789236206,1.51761721068644,-2.09691371608177,0.626302265975104,0.331692498060488,-0.21706309105061,0.920483667188046,0.0653963977978989
1.70333716823835,2.80009427396347,-0.082066281102976,1.64047480998493,-1.28131900483446,-1.39019487622345,1.13402628806166,-0.667901800135124,1.55385978824021,-0.317295962820068,-0.00540085378625109,0.46198390187896
2.26484514868046,-2.96039464679938,2.58062101321913,-1.24897057392364,-1.558094773312,2.58550856135768,-1.45954697957988,-1.68885162087427,0.586926031415794,-0.152385341112818,0.149368573862496,0.049218879695353
-0.469647179152894,-0.467294190425434,-1.65740044937568,2.26245039476569,2.90637079018506,-2.27454548651913,1.7126886758388,0.732868350962323,-0.72019553184745,-0.181011834315713,0.0452092368858676,-0.497658067562968
-0.893370481575778,-0.467739260076708,0.70124550220966,0.344432335199918,-1.76773549140656,2.09444628607479,-3.0394169755401,-0.599670810299358,0.39245516543602,0.0626905862885881,-0.130268036996257,0.547611869483348
1.57688539762164,-0.484773541158421,2.21267148604012,-0.917633191814122,1.15002453397778,0.304306092954347,-1.91948350227302,1.65273595093523,-0.69810282119536,0.190647435495769,0.664297382492204,-0.140522861643615
-0.566868048294596,-0.634098784796953,0.722144919317497,2.6067832298256,0.537704241810224,1.35857335047923,1.66924356079539,1.91885145166871,1.82227207390545,0.53514950856206,0.085679088604089,0.149207617178783
0.875333888619294,2.28697674308621,1.42935297659936,-0.0754853153447302,2.58928041466555,-0.299931277141859,-1.51389823811643,0.192444524502443,-2.42254224217673,-0.0593365453025928,-0.485859589574015,0.159539104437745
-1.3796770932804,2.92210217195065,1.26136632656657,1.57596501771911,0.94639988775323,-2.96214152929852,0.767852404448823,-1.31161034024537,1.62336243926398,-0.590542061284567,0.172675222453278,-0.00396133856602221
1.03311870113875,0.541379233474662,3.06912976801181,0.783609862403805,2.32840043667246,2.20669976627302,0.707770656328809,2.54839551041231,0.16884423553969,0.144129349191087,0.153002321020723,-0.185477137390777
0.138113851198116,1.4266014698172,1.64069115857895,-0.563542599567852,1.22944844413922,-2.31421120236271,1.05239973417221,-2.34312123354937,0.922003071118664,-0.205306715559161,0.617442921873547,0.291081329068648
1.73519572925799,-1.19159620155884,0.239428420742828,-3.11132348254009,-2.803666326964,0.0727558790676518,0.966684610650999,-1.12201719565028,-1.10401623241816,-0.720294203831319,-0.25209096564129,-0.13527533002086
0.474874603123286,-3.05105693205047,2.25667147586938,2.90062278357155,-1.69726490610595,-0.571180526452544,-2.50142756729399,0.655989473592205,1.2994125550676,-0.250936574192687,0.614376232170218,-0.0514447417947076
-0.76526362619849,1.59017751445976,0.780277020733835,1.47224390907318,-2.01883322814906,3.1203006508144,1.833084174881,1.74589811644963,-1.34503783156283,0.126324387367046,-0.599435996471988,-0.737421847792094
2.5681159323941,-1.67351604548607,0.29771909048909,1.24286966640593,2.42039274121625,0.090753277235119,0.779369897508298,1.64987681068863,-0.92848073597491,0.155751213824239,-0.443336342993835,-0.526648081618542
2.20439655230871,-1.04715462448652,-0.16867758858651,1.84635667404372,1.86415415275629,-1.45422741415231,0.189320036729817,0.850144538752273,-2.06141591292412,-0.231847127624397,-0.264131670168127,-0.587699007096099
2.20206661796605,-0.228182909259771,-0.322953939354293,-0.840060615818548,-0.581812047530139,-0.232298491680667,-0.341184350901126,1.12312988529411,-0.434190334634531,-0.0662616393448398,0.661253376249299,-0.013817879123142
2.58381150317643,-2.5165703918935,1.05323048525807,-1.35454415464419,3.07441738684182,-3.05684962594215,-0.348341056171867,0.880416486329015,0.303872124502003,-0.163537441773771,-0.0990726485454919,-0.302182975530942
-1.11821115483073,-1.04879258111673,1.79098442112752,-0.223071239080347,1.43374009617795,-0.00975131073373709,0.581470031551765,-0.798910047602907,-1.34138281386946,-0.117842286586262,0.0431601991520711,0.42474001671949
-0.332172037806969,-0.272594601968523,2.20460590681326,2.67276962113793,-1.01097316339286,2.82916693455861,-0.495646711793057,-0.425642076414612,-1.45584165931207,-0.129856834345258,0.224919731568389,0.0564468216209366
-1.92201937807808,2.5806812816535,-0.37986257156058,2.17800646951727,1.88024355617908,2.44753572649297,-0.0297443014940281,-1.53399726279607,1.30809637782239,-0.612845325625846,-0.0429530647504903,-0.053925483484535
0.62820169402872,2.96699391334665,1.07668994464338,-1.15395510859012,-1.16692856512138,0.179276581934867,1.31540674184538,0.631569922661544,0.369554899002644,-0.359072991766976,-0.13355408776545,0.254930595562037
-0.464615378799296,-2.88896324893888,-0.965574137209101,1.04438545541471,2.46749538069774,2.10410104934358,-0.235490047671361,0.887599454922176,0.979808204284043,-0.155716071974465,-0.115047761927484,0.102919389500666
1.43468046740936,-1.45922663875956,-1.83095171457739,-2.14875420617258,0.33304041055248,0.279476135302509,0.211024045677964,-0.482114340877014,0.260584997124306,-0.246837087702219,0.40772817622067,-0.0411308325557874
-0.669164287448387,-2.4545887242896,-1.95343757645505,-2.81481805521785,2.34337708661227,-0.734322965351924,3.01417252619571,0.543302236355936,-0.500479562728334,0.0745008550452223,-0.195057456879142,-0.120489562023647
-2.5955301854698,-2.48344830705739,-1.14937220943923,-1.58137649726568,-0.12424736831391,2.41913209646091,1.47780624996638,-1.53981562797472,0.337826900760992,-0.458914551647813,0.262803886949209,0.454324796390146
-0.451223313355196,-1.84929422303052,1.36618656197592,2.9707546466062,1.52823299315346,2.62278508079065,0.197195039911518,-0.641421690724634,1.56363952055066,-0.213829351358036,-0.0652651685734606,0.0670460165411542
-3.04879668092188,-0.221279174562484,-0.129810104708651,-1.53372395149391,2.13671797411138,3.02214994737756,1.4210189498623,-0.797398904459395,-1.73622927722004,-0.72949988577889,0.023047636467742,-0.180959063458783
3.02800091509965,0.990225364788426,-0.32552895005215,1.02569341061253,0.491879340185765,2.59353667028525,0.100367153884973,0.566958636098995,-1.61119484968283,-0.039322030931783,0.505727425936718,-0.0278745261055175
0.246037169971442,1.37737167253559,0.115461179102779,-1.89345197641817,-0.368772910326578,0.539565927921022,1.2196254585569,-0.695639594667261,0.74858386440958,-0.606735514433903,0.419060450221854,0.232779197836691
-0.0244609790982718,0.160463410856703,2.24679750319757,2.09290934716761,1.25248946939138,0.364267636879493,2.17148869007837,-0.0162064090013357,-0.0798848286912068,-0.0929280468876192,-0.116852848921426,-0.129474079341296
-1.34561615922475,3.08768519920629,0.993610379604736,-0.858836945841085,-1.48018676667664,-2.23816660756799,-1.4324245737291,2.55336171434033,-0.213369672086077,0.453264418314733,0.179192453076387,-0.719856983158993
-1.19755788107795,0.472493997775612,-2.29288753625717,2.24157836287004,1.00421228351835,1.63027866928144,1.40480005981181,-1.44283428286719,1.687539286032,-0.49548706315578,0.146703710988608,-0.13897184861858
-3.09567811298041,-1.36965112889383,1.59120157001687,-2.01132318045166,2.86078256653381,-2.1573377762597,0.484736115143378,2.96235964095225,0.336594244723055,0.216769498779134,0.0492943027321521,-0.853017289473487
1.45264907586936,0.562118890527623,1.96994162618945,2.02016282328475,0.576888577216346,0.786400146089578,-1.67301750708323,-1.7840948437462,1.21227924240158,-0.147840417442229,0.585210483823527,0.3095996170749
-0.321100806382991,-0.657039958370655,-0.165219949849268,2.01453796169304,1.11726752232495,3.0221238162264,0.55311635111132,-1.53547123126648,-1.4503373873894,-0.365910188962789,0.476732353006866,-0.00237644889330363
2.77028982121653,-0.571030737459837,0.737599570996903,2.18858487678589,0.890237805608012,-1.54639028611354,-1.50080877813123,1.70328162978615,-1.75570520866264,-0.276479114833998,0.0904283396718612,-0.598200565417015
1.56130318292197,-3.00717074511705,-2.16348248247326,0.410782574210405,2.80092118368129,2.10839385138762,0.0867797439538236,-1.60445397109677,-2.47886398427544,-0.275772806814682,-0.185005501048238,-0.031859353963094
-0.239917985371557,1.40757746329127,-1.3132491741914,-2.38761203790145,-1.561419586174,3.01623449820324,0.611940129744307,-0.979695346213933,-1.91394418687088,-0.288800123459528,-0.520086810008502,0.237249914360604
0.0772839654838462,2.87275940872539,-1.16328616509837,0.00301640084121402,2.64058653438819,-0.536220050098193,0.121731330140399,-0.455284570942064,0.377797143409836,-0.154774094217013,-0.136623830988178,0.18459208210746
1.22892896533997,-2.32888371200102,1.19484779324433,-0.427340031933967,1.30349053044353,-1.87928301826858,-2.15806946567876,0.0275589658799408,0.310966400089951,-0.0670699926812781,0.255749461696025,-0.385336755257605
2.25622363976949,-2.43689805022424,3.05083480753329,2.59144523243309,0.524216417196996,-1.14105149380866,-0.477065174408721,-2.42220394801801,-0.28307144690992,-0.369233410044623,0.195833438925876,0.39723401817419
0.992177757489188,0.804558233841373,1.10849814118289,0.3521383330917,-1.25526546562294,1.26847793107128,0.0453903703064757,2.00178715007832,-1.99269924210463,-0.354522535963076,0.132885542860273,-0.300993845245324
-2.13024319031459,2.20619013015748,-1.56798170674208,-1.28535874128815,1.70215051652809,-0.220443029399308,-0.0973110408745069,-1.32100622486127,-1.41675597148413,-0.185350568061014,-0.220037759621226,0.1606663449074
-0.816610721732614,2.07775361701322,1.73920120958732,-3.02727451697186,-1.87856306943856,2.0438783654053,0.439030386693038,-0.908105048652326,2.345652094306,-0.230314440363894,0.524662798658418,-0.179898203291034
1.59576276483528,2.11854626965473,-2.86113681070364,0.891531219736201,-1.63861269631836,-0.202684075457401,2.08545869641534,-1.07046309226404,1.40133320906922,-0.275448124834112,-0.117260276424814,0.122864982905437
0.135000272281248,-0.598288830776069,3.04380812699123,2.41702572471227,1.00057955123283,1.80860711428066,1.66935208291779,-0.672271292005402,0.650254679932948,-0.287783973726893,0.0672492838008671,-0.0576240956905039
-3.09831931428293,-2.20832310551719,-1.9628309800326,1.50717943264981,1.68997648856787,-1.15856238138113,-0.242059915560352,-2.05213251440027,2.25976486859359,-0.163114763540395,0.771524564820111,0.510851366369249
-1.42369143998742,2.86442355999943,1.90301213563727,-3.11193497297687,-1.31181325817759,0.702706349238901,-1.28425645537228,1.15545122536881,-2.29353876111725,0.203243162570813,0.212294967919151,-0.374060051731093
2.95830592349848,-0.56618417613463,1.54615718106432,-2.12057077944699,0.587811669986278,1.69900327684008,2.61498535306228,-1.14412034370351,-0.674112445546429,-0.792480662269741,-0.272081214531922,0.146673749788704
-0.331154320642448,1.58466630149104,0.316327715518882,-1.57122186959192,-2.79592232857886,-0.472075957922906,1.38871959535344,0.20968907343674,-1.23766477501788,-0.513331334263577,-0.561418377518918,-0.0844305208648805
-0.871574615999291,1.76878661200759,-0.519370592210194,-1.66222443420417,-0.965648350106897,2.3199317416273,-1.10837743613122,0.983382013753342,1.86421519803967,-0.157183510571806,0.6543020843387,-0.442118019969681
0.765601859091687,-1.4353622280944,-0.588772026104126,-2.9889316705456,2.49188531874779,1.35178133824512,2.92433434074616,-0.282235776651133,0.705788476777852,-0.0477243443219587,-0.765303490994022,-0.405836465536683
1.53882434068068,1.99125765235446,-2.93426371862517,-2.41009702679752,-1.76430552757205,2.66155865404478,0.754201370090441,1.00181549589075,-0.436049460777363,-0.118391126147753,0.0637415670345608,-0.127708376388359
-0.366225104024591,2.46968362115744,0.150468563066509,-0.885386542321677,-1.24073151305214,0.695279559840493,0.276469678803592,0.46924020159149,1.33783381516961,-0.548726674374787,0.143700509011166,-0.0795745656426248
-1.60048004114886,0.29463391157371,-0.765402447512858,-2.54209722705286,2.46439362415696,-2.32778384661428,1.07504282065057,-0.752327426434067,-1.11317561696128,-0.49457316567518,0.0261147292654604,-0.303976478788554
2.5357134487498,1.92444376701348,-0.736465069066218,-1.95231545065166,1.8451065153279,-0.7020263084247,1.06441036638157,-1.88937588860801,-0.887856906920771,0.0464974777750506,-0.113937127933317,0.243560341057935
0.520582993983326,0.804505016293834,-0.73876699456197,-0.666263109000542,-2.72362170498469,0.837210996594928,0.860488640614937,1.51964616455974,-1.14973176924204,-0.453670326937095,-0.102132528292851,-0.246494941942994
0.0198459422152198,1.98699095296898,0.791370839672541,-2.24530784608323,1.85538625028845,-0.912002716825406,0.171902414635228,2.01427075563216,-1.34131311257677,-0.00815340357031783,-0.392326460800734,-0.699590449661021
-2.25224281111963,-2.43014283534493,-1.2225348681917,2.1557649571124,2.88695352530291,-0.735554616769294,-0.833166339911517,0.884273965134215,-2.02911895948718,-0.0853232494092213,-0.504203854411081,-0.0247141278264135
-0.598573397981593,1.8002167099667,1.2272479282606,1.10952988496655,-0.266403791622113,1.01984460324733,-0.534833792268821,1.42753058153342,-0.145350308854289,-0.190029973817527,0.461725602620931,-0.358499062478015
-0.876563793241035,-0.268761943959529,0.761557489316911,-0.0406731356263729,3.11405766589151,2.10142664264146,-2.17273301707736,0.75139543815262,0.133017777229138,-0.207354447407871,0.302480107782947,0.541531029989619
2.7747166268461,2.10313875036544,-1.61260864106827,0.670619213919397,-0.476873163625089,-2.79586844454399,-1.81694098126894,0.501925307952098,2.39298760960282,-0.241867531664339,0.288139189948665,-0.291102795382929
0.0936767096261147,0.325012577719106,-0.0441413550905786,1.37786104713567,0.338417796969036,-0.0625854564266644,0.0246670250343729,1.43296685879888,0.592361610403859,0.0904429452336106,0.747221277334237,-0.0974663899414218
2.33147551486333,-2.02700682580243,-0.722874306234827,-2.44082804435839,-2.17719782146987,-2.85076564653808,1.38574809311668,2.17166372298417,-0.21673984112122,0.31093320917685,-0.339640708674769,-0.725442751068533
-1.08534392532211,0.172529139399469,0.615233081260408,1.21936818997823,-0.586954419073156,0.189096317739279,0.429806323500297,0.426807724308551,-0.724640333265787,-0.31182209769709,0.470506069842159,0.009747158389778
-1.67772053309401,-2.38450963090861,1.89755420544626,-2.0549967099479,2.80673954918314,-2.71999812797138,0.296576532623859,-1.94247745818455,-1.1786355505441,-0.117370378806556,-0.250220230954012,0.238613314558813
2.36841590436475,-0.982761010148027,-0.0265448707425684,1.99104658241307,-1.17867510281011,-1.83291403967929,-1.12097624534748,2.68909246972833,0.988851699178703,0.634246809136314,0.946898016669531,-0.471230922216048
-1.37059700636438,-0.301022647811775,0.187779884170877,-2.20572722406427,2.33332811761433,0.0359651708222433,-2.63393479146575,-0.815649688526562,-0.86098980347586,-0.230042485217479,0.254146503449613,0.801092451616491
-1.15220245329936,-0.116621162134738,2.26672350937963,1.2813238616784,-2.77413994733974,3.05568928191572,-0.893566842351899,0.44316132639116,-0.245609017587568,-0.184995804841403,0.244316585822443,0.102583646377418
2.93007548076644,0.468991842092335,0.202441364860207,2.94577407580756,2.89666971133021,1.63227687844075,-2.32184107501896,0.463603696316731,1.41628037454077,0.222400128941961,0.407678503185297,0.663192464428544
-2.70157819216164,-1.96110036659348,0.125777543207657,0.81060300736593,-1.2909010982075,0.390305047840789,2.44526440129381,0.655772773779973,0.347233669897016,-0.522724433527549,-0.189183839954765,0.0374281840401375
-0.19674351663833,-0.892400424728441,2.87669252317589,0.721459548283473,-1.67027700812633,-2.43773938566023,0.647228967902482,-2.66049767427966,1.35197694515383,-0.156562195297819,0.293354419875491,0.212470628476784
1.86381287927521,1.98377361681159,2.56801449929311,-2.24007795161855,-1.26385464880953,-2.59633379210526,1.38910250152962,2.68494906011702,0.073242661311046,0.15127581380107,0.189514292030023,-0.386860422563828
-0.441156116437067,-3.12716544540844,1.14104808649033,-2.65489067073926,0.661208040417044,-0.776954727110509,-1.62500544544371,1.66004828802721,-0.329752481914935,0.153162447106479,0.193621715413012,-0.609694761923439
-1.18943497594518,0.0729627656070378,-3.11247541383128,1.52834556928861,-2.47259774277742,0.193442836177421,-0.870206020661869,-2.4175963662489,0.156520895810888,-0.443847701295171,0.337503783976494,0.359917558495708
1.4795663911407,-0.0580281605770416,-0.743766915224869,-0.491927635201659,0.190076297150792,-2.03669791505729,0.849284441048839,-1.01251047256253,-0.292375895494605,-0.216917364714769,0.522381538586771,0.0502179301919755
0.413867076207175,-1.65986675682928,-1.60708460649731,1.08526518770957,-0.726273118962823,0.863027256976556,-0.243781423313704,2.24134488670405,-0.921543707621664,0.267681231430334,0.464011190953435,0.0682150513504615
-1.76802759196207,-1.09697815461424,1.40666774082428,0.159653638253005,2.32014176808645,-1.04775775017844,0.241876184611929,-2.91994270697213,-0.197017854045825,0.0367312253964218,0.158351584590514,0.665867429698991
-2.65998570475632,-1.41554916380754,-0.213449638937475,-1.52740288073132,-2.10643824633567,0.953209525870097,-1.51627418485422,0.8761662328628,-1.11316474236391,-0.605136330920295,0.0637439333440938,-0.0474736854509417
0.665766654793074,1.74508976334124,2.99968181525391,-1.07329916562228,0.334439079086882,2.36392938415523,0.114929517891008,1.89372767985554,-1.33010262728809,-0.0902076392781746,0.0840206959618952,-0.218582228267716
0.691033454677339,0.734598994715439,-2.03259728829028,2.74015549735893,-2.64926600289703,0.210937914652423,-0.932881824144492,-1.67743003493049,0.25676987096095,-0.382251602793681,0.237578311817187,0.529208832017318
-1.04353623174694,0.966585028800758,1.62753728450459,-2.5247226308352,-1.69898551289628,2.88983486584276,0.1689480467708,-0.896163525159872,1.19874501154856,-0.0849195515708483,0.611500173433032,-0.0902476526587345
-2.85665230661795,-2.14789367167508,-0.955707015633963,-1.38811165020608,1.79011566704486,-0.29356093807145,1.21169267247474,2.23081373349886,1.66040224171587,0.230624264984103,0.413811001725822,-0.703105020084862
-2.63000879748302,-2.98618618188218,-0.809975687294085,0.356289734572618,2.25381051168609,-2.90791507934283,-0.295698748684244,0.525796899458428,-0.0369270499634393,-0.335524639242684,-0.141226724809846,-0.163666560876374
0.826842565369069,1.36863962732072,2.13844330018114,2.05867639773966,2.43171994750034,1.9817623716773,1.5224509903996,1.0104119736128,2.34848565159721,0.33063684022455,0.182746052335269,-0.261365876039903
-0.395224666235071,-2.98810207282976,-1.61542884946243,0.52816537376354,1.72967847146926,2.87755421324093,-0.498745928302773,2.38720279014183,0.660559978682306,-0.0412309882038088,0.016523188840318,0.0101408003107781
-1.8874153885251,-0.641955748118086,1.05659936011891,3.13709673091453,1.74732364511361,0.341541289089251,-1.2842367517379,0.324557705524801,-2.61660620391963,-0.283897714561448,-0.389453982813947,0.314303655089048
-2.5027019982944,1.96698310700099,1.65699932936818,-0.292428317931726,1.7470296212057,0.655075615129604,-2.34109558080089,-1.30942649452855,-0.284167673426453,-0.292523879348713,0.735791025748155,0.141773050364638
-2.66589179141544,0.230408119812304,-1.32434958965468,-0.404026634422259,0.332680347618619,-2.95420447260479,-0.528921085745546,0.0736438885205627,-1.78377133829003,-0.239074197531677,0.377246162946274,-0.146073176156379
0.546073233005147,2.36142741480385,1.08526411222216,2.73276324549801,1.19564572169848,-1.06406431036393,0.292167608484097,2.44678685094891,0.424932508887452,-0.100274590326535,0.226675802399667,-0.622477877706491
1.86444148164045,-1.25641753853991,-0.0951336550063543,0.71192402031835,-1.99935878578911,-1.44622172111236,2.76605830673235,-0.928729195978136,-0.661329824160386,-0.563062699510013,-0.948859594214261,-0.114327620869602
1.88475759785886,-1.62366679474059,0.426565237808863,-0.0311954076264766,-0.548398256450091,2.4526140773208,-0.749440185587169,-0.658253534594038,2.67789189185578,-0.246409362060361,0.65764061705698,-0.313805786636298
3.12425483836722,0.127248213441052,-1.87736841958896,-2.31581084143399,-2.33230943820054,0.0316258286113927,0.112520058595414,-0.941006853433371,1.82004541201554,0.0478423857321445,0.218816833380509,0.0206698299956424
-3.03823845848272,-1.15058278617999,-0.26933773751673,-1.56145072440202,-1.47952630364524,-2.67304299367974,-0.799586614026507,-1.40739121052399,1.50483416199878,-0.132222772477229,0.832788593997466,0.505434662423394
-2.64190252401882,-1.3700459463332,-2.62533930690993,-1.54386687891104,-1.26982494865649,-1.08156991927727,-1.19978853813204,1.57688845323795,-1.16884073475563,-0.0226285073536653,0.218390317061154,-0.212948010637519
-1.73490225103341,1.80463689745298,2.26650521807011,-2.18615457839347,-2.226331608781,0.481528235628732,-1.92746182168705,1.41145114180546,-1.12805841153269,-0.0468989577027659,0.597599928991266,-0.0551435258328717
-1.84935006559198,2.25930630001651,-2.52274270228564,1.65185240109429,2.30013292408517,1.13833137982264,-0.505872175939865,-1.06434185505645,1.72422240517463,-0.403205358763016,0.229248508309679,0.14589532441414
-0.324525198926582,0.121313164362263,1.40566427266847,1.02083186717177,2.33419139816614,-3.08996039414764,-1.43576849854211,2.0286580357661,1.06532753503399,0.0781879925840234,0.433843603245484,0.298759392658989
-1.32837444673188,-3.13786752870544,-2.78775777706316,-2.91622066460719,0.267473377800895,-1.59848447853437,0.614284545440946,0.436658056334613,-0.0738675133415982,-0.0565367479761778,0.108252787464932,0.0103219913175301
2.74818455021152,-2.39262173870997,2.73292747914211,2.239871307383,1.32259235468468,1.09605068370248,-0.733444425357558,0.365092536899908,-0.466718508854425,-0.177583868521137,0.203753405588588,0.0117324504007683
2.75424277489586,2.89701558777592,-0.320365166515596,2.49106850500032,-1.07361993729584,0.765343516551765,-0.484052815348866,0.603231430143479,2.00252062335636,-0.422872494390515,0.0478139312563128,-0.0512149035937834
-0.668400485431613,-2.81884701304732,3.0654459698011,-2.56759796674494,1.68601130560577,-0.429887644707592,1.61111659827967,1.95565693566354,-0.467552566731088,0.231611505133097,-0.237859153651329,-0.254538557705162
1.59082633624492,-2.4684149432433,2.26185349476189,2.41785745804919,1.8282603281935,-1.4599355971682,-1.05344990885184,-2.71999543586122,0.331307879716415,-0.270704700211853,0.144615658081473,0.353093383446261
3.13005467616565,1.80751513701712,-2.23706713977351,-1.53541765420571,-0.690337115373385,0.565795130003853,-2.03135647931075,0.515956463361418,0.645256316099154,-0.12849668775644,0.411502778696889,-0.0846458450275329
-1.67253401303519,-3.02817326477607,-0.87128681756916,-1.41160990800297,-0.705713380037977,-0.714098863920919,0.0865936642093037,0.69741101068897,2.18170461182044,-0.372211056105397,0.32502560917603,0.156853082738274
0.468531444144548,1.54222673356577,-2.07272003778647,2.37365773146771,-3.11030609769612,-2.96572006358073,-0.137770806267056,1.38146663295538,0.470482972445999,-0.241549168739059,0.125562616143522,-0.247913171010958
-3.07601990089554,-0.797062488707048,-1.25074549031799,-3.04675348332913,-3.07734594620112,-2.23781246683827,2.73439484545051,-0.528632240170851,1.06806913271798,-0.086811013311188,0.0721806427848311,-0.579397072199541
2.70018331243025,-0.117917213534738,2.26329335912798,1.83378340267368,-1.40015745992791,0.723246486214163,0.624374404432022,0.64942533347301,1.42166846820281,-0.0697291224303628,0.314345703322943,-0.154232471167411
2.3592870282611,0.0324146636607574,-1.06146233726002,1.57240687695715,-2.06335745265349,1.42549407148906,2.18968421377386,-1.66966303866236,-0.0688644470500609,-0.409773634393313,0.21769995828965,-0.424366612803853
-2.94313711375513,1.59213558492341,0.209370257982459,0.0864589649161461,0.844751714978893,-2.10148821879091,0.983015935651343,0.7562809061015,-2.12301587005926,0.233317089220531,0.16149402905758,-0.231728683477189
-2.37016350126897,2.74100246093815,-2.67631466143417,1.30222773591071,2.22384834587023,0.0487241806690942,-0.685057505719228,-1.51975105875445,2.01226184262041,-0.364624119530301,0.395450952444877,0.314148892315348
1.6313120528166,2.08323078140077,-2.41989509644037,-1.36030128637646,-1.77493293279867,0.183815553586782,-1.27934117533872,-1.29920260248234,-1.44150875751793,-0.226274546509225,0.109506424969684,0.113771402071409
-0.100030828279786,-1.03594783599594,-1.30037392415738,-0.466162063633504,-0.920147806218768,2.22903780483749,0.780765062092766,1.64246077520732,-0.0123636362293336,0.0666357146187436,0.457043174596585,-0.147628057359374
2.64664931784746,-1.29482734568693,-0.901024240108959,-1.32591080435231,-3.08809495891798,2.51145129474427,1.53888259042923,0.124750941585977,-2.29744419002046,-0.515218273062372,-0.609932445270774,-0.299087585125433
-0.852004317002265,-2.2498215010626,1.52968855545255,2.50817410186798,-1.72809558244195,1.23803658821279,-1.30302286462132,-1.0948700987535,-1.64568028543686,-0.0503064493966786,-0.0376021205147681,-0.0988290288369166
-0.730146065594605,1.4462274524444,-1.27892655053926,1.16945131146924,-2.95588127296284,-3.0376330817656,0.335834015512628,1.36393152201669,-0.241476501276165,-0.131561861304523,-0.0716178448696084,-0.554801246581957
-1.12755687696253,3.00041393454839,-1.48042303304867,-2.69100955791514,2.22513369453032,2.65346145454676,-0.674601176508321,-1.31529517300398,2.4707430931704,-0.325409185779967,0.0693827508000524,0.132664938827432
-2.13378626944647,-0.365243619665145,-1.65745639302851,-2.46885360304358,-1.3701005262651,1.49212440106637,-0.566980776415363,-0.865511257420809,2.44189920274216,0.218258975572684,0.403469740705519,-0.0135389878543102
-1.68819722225978,1.89139437480669,0.661301596398916,-0.620184076843346,1.33533017443242,0.861822625837698,-2.5579208471703,-1.1294525817721,0.730589453203347,-0.466647007966594,0.996329037498036,0.0851059505147885
2.79827669938678,-2.64045306130315,2.75030628036652,0.0210694089341853,-0.64758881659091,-0.900648061392302,0.280042076009872,1.90193142375925,-0.0622347528625131,0.256562774695779,0.0824163183670511,-0.18613108840861
2.62645249174888,1.41310031261796,-1.25826237185925,-2.04644440016888,0.200220669909085,2.53621879300519,2.46424532476277,0.81826193882787,1.42432315605267,0.0177576606055709,-0.0651644669968613,0.222854577629752
-0.270284849168347,1.70299252447179,0.655872478142608,-1.98411103674951,-0.431247364754372,2.98649614322582,-0.438486491340589,0.839224513578136,1.22594196674073,-0.332520911092693,0.681857721296462,-0.336158738638383
1.11765487108675,-0.114037760251182,-2.10854748839492,2.25438884585251,-2.60970564513702,1.18325796578907,-1.47711986088704,0.281628515902735,-0.336128060290049,-0.35298299059912,0.354688909940789,0.293748726635905
1.60608646738171,1.53271971587252,1.60709386691204,-0.657622417513029,0.523867259495706,-2.85386018261483,0.528474882981046,-1.85411521311562,-0.126732441892864,-0.0486539809587365,0.453812561116233,0.234052597195144
3.00131140915134,3.04012796966907,-2.8978955227099,-1.82571388910875,2.58375596032931,-2.5465651929559,2.500277341538,-0.0581571561643597,-0.61879126282564,-0.16498024434703,-0.248851423506879,-0.0305856972491442
2.06951154818273,-2.99384828566704,-2.55552903063176,-1.56190979643964,-1.68053479227961,-1.43505887138855,-1.645821690319,-1.04918612305001,-0.701390693407391,-0.282666346148387,0.26685012755265,0.139729797112117
-2.83341939502362,-2.50560801358076,1.13897469864201,3.07987694099773,0.803560400195152,-0.978390130774231,-1.17222541017432,-0.457712049129469,-1.44456965202215,0.0462404448502571,-0.203125161721254,-0.084201264225623
1.0154746487476,-2.88530259192348,-1.67914828951862,1.9264138134023,0.0722370927835852,-0.730201964876675,0.203619059443316,1.83774227520588,-1.45931222651075,0.566205692156338,-0.0735425588026399,-0.202626441073246
0.013368198864848,-2.16472005562194,-1.60478493263934,0.723867935218882,1.30147109701789,1.79941537469962,-0.220242702756673,2.09427750140953,1.11222436369004,0.247535114479853,0.14442894905503,0.280717359450721
0.815549963591222,0.747917272788893,-0.606599642663835,0.384799803173976,-0.704840972984074,-1.30525649987812,0.396327588177098,-0.26645715328355,0.60706989763285,-0.217582947651241,0.597412723714014,0.335436640072993
-1.01302948415604,2.57860761315569,2.24480723547663,-2.46486742036125,-2.19382243143776,1.96356289843711,0.897558406198606,-0.430293152386822,2.31265007852018,-0.249000119985666,0.263423446348309,-0.230990219587735
0.215598606104566,-1.46233226143688,2.84687034689757,-2.7035645455813,-0.870823299017517,-2.47432416785303,-0.995376256308658,0.696677922505631,2.78523759610555,0.0395658900586097,0.40786912665112,-0.0691068131302815
-2.46758245436351,-1.14714372341768,-2.28076304397248,-0.64317606989183,0.0133523845556073,2.7764731820558,-0.851922568628373,-0.301396328644722,-0.771472441126424,-0.361999115938823,0.322663390692866,0.0586999754654149
1.51078359644032,0.407346264027917,-0.580962582237383,-1.43869738725894,-2.64924287336213,1.11192625326822,-1.59482018061225,-1.6438045590871,2.0732259826596,0.374578401967635,0.106255075122656,0.47867772004883
-1.13279496513314,2.24181682004829,2.64113461969489,-2.47786791551465,0.960180474694681,-2.22108155936714,1.00373467050034,0.507352924755725,-0.836421985990427,-0.121392724466519,-0.0624024073224692,-0.262646587912269
-0.194459819771717,1.21199294374094,1.58894714589002,0.868090032920458,3.00286585742131,2.37777597184726,-2.08086767041716,0.523326408970364,1.85817205214551,0.0671997630915978,0.601179828805543,0.449733336928186
2.85127055905297,-1.13296257738355,-2.18013618317682,1.86177610305196,2.83801889229056,-1.57108133221207,-0.176236104082188,-0.6671061643333,2.04159115213461,0.130176388989071,0.64971233574287,0.0758513156946629
-1.11963501960413,-0.0247874524259575,2.68737914989778,-0.190261641116557,-1.86077858847312,0.171734255248057,-0.967157175781318,-0.508334784015712,1.43354233994151,-0.143583277684855,0.420815105112323,0.303001921438383
1.26718989613136,-1.47439431965994,-1.97653487724927,-2.68419687700874,-2.95870179679473,1.2406480066531,-2.79593056581229,-0.351699718537413,0.659951183015043,-0.13037100976507,0.61946055756572,0.403345037724764
2.47971296624291,-0.930038556684593,-2.41471324260741,1.82244525898047,-1.51836462618915,-0.64290911531241,-0.0465876145837315,1.36125974467985,2.06312206243727,0.406158257221366,0.52476393888772,0.00689344859656432
0.204092177508264,2.71539796498842,0.815277084535005,-3.02861114483231,1.38993174633367,1.80709532142232,0.287714784431513,-1.11191207666324,0.469889870593294,-0.621489906939116,0.020199237878956,0.331440187403636
-1.14539074971433,-3.10827568166057,-1.88712184778233,0.5255014580267,-1.34509503726327,-1.23021717543216,-0.1438265326538,-0.408746159690121,-2.40295045813705,0.114349070824674,-0.263229374941156,0.29797081417547
-1.75917978253578,2.00337690904746,-1.9520268025188,1.4535304355038,2.52513660532547,1.28163347683739,-0.119395610753993,-1.53526371785655,1.01571771830445,-0.55631460966096,0.0586567658546412,0.0841285946969315
-2.05853096012282,0.248461434544208,2.01972712987375,-1.44977755557648,-2.60112447828503,1.93656229705286,-1.09323690568811,1.42071818689236,-1.21717107609663,-0.410704681690141,0.253604710913543,-0.0551174518126422
0.451938418012791,-0.381649778003385,-1.22078323436836,-0.21431963132217,-1.78863045060314,1.11108916882917,0.557220701589966,1.37291997888529,-0.902019967384663,-0.262463827433071,0.351161604163167,-0.196091181947947
-0.0270707307153896,-0.981388476581958,-1.01144943091296,0.784685552287356,2.18771577121633,-2.72290303048802,2.39028894502458,-1.00032829242273,-0.395570688767728,-0.210178338969487,0.10672497792946,-0.454760839266521
-0.843340799663207,-1.96173432902949,-3.07915377353884,0.738864897049291,0.495822366885167,-1.0531787147917,-0.0891150833541602,-0.733871552827155,1.54393298942459,-0.10894801959999,0.409907282180385,0.20417249059824
-1.42441776022794,-1.7364441413459,0.731898397901341,1.77713949133466,-2.85786480144623,-1.57959277838231,-0.38060177051688,1.34934649454714,-0.613773330160822,-0.0940216449861662,-0.135969123227592,0.0932071437582249
0.546881003822735,1.2781738145557,-1.44830676951545,-2.1686249601027,1.95100840881249,-2.97066389350197,-0.558307708679358,-0.0346452685481469,0.815166611907416,-0.433192489705748,0.268644062018705,0.109656290740423
0.902792520194801,2.00912934838697,2.66281839783614,2.69084012472491,1.4236606399119,0.452955067198935,-2.40770036375671,-1.48079821744731,0.303351981562131,-0.276842783724979,0.328335119125816,0.362398167031672
1.12124618849334,-2.14831216800619,2.67270267785511,0.863816114699114,2.80373358987593,1.24008988911759,-0.520678610064112,0.785442211025143,-1.90290768151343,-0.0203190740487267,0.0337141348266145,-0.0264926701171756
0.235990307295445,-0.970476154541756,-0.219188791278317,2.45303808026414,2.20898455615845,-2.22815939930667,1.45685455485134,-0.459149975616512,-2.25268406459943,-0.334105496842967,0.0181884050325949,-0.369291760954446
-1.03074128356123,-0.678193706822621,0.723544391773452,-2.59860297853537,2.63561784840509,0.646761740253449,-1.85222561317341,0.979066221842084,-1.44330751753707,-0.246365453784692,0.158592919766983,0.438095875565776
-0.917333778178932,0.141649129129537,0.783978050230157,2.88707016389668,-1.32897372786931,-1.47258903684316,-0.725912333385863,0.575631389320003,-0.0212299867239766,-0.0332295566401601,0.652377306502172,0.197692654461901
0.980880331721101,-0.701070927459024,-2.97144194843671,1.70947007707204,2.70164542600685,-0.886504243316611,-0.986793132000527,-1.68107738398763,-0.255852085339945,-0.266193866140867,0.32998901228049,0.370117765425399
-0.561611081364717,0.764780488849279,-1.33878916109617,0.93470096169543,-0.151718964868897,-2.29484837898561,0.811751946461907,-1.26559160725686,2.13435469396319,-0.304661669468458,0.764208524286909,0.0243731789196551
-2.17831148540045,-2.30180853102865,0.968294722203371,-2.45661618037975,-1.74777604906384,0.68673737445315,-0.242243709935624,0.71722272140503,1.5170186296353,-0.446113824191708,0.127086791166867,0.0628343161273664
2.02355329021124,0.124006474321329,1.61003458529701,0.100767822495909,2.69238383120567,-3.10180019246209,0.610553566720153,-0.990986665731692,-1.11270210828684,-0.52905816002685,0.149953708594445,-0.128587248302775
1.2782934475932,0.244933306846589,-1.60634612129407,1.82580949046393,-1.01376087935875,1.16359408522894,-2.28547854300283,1.67251205030674,0.872150094111009,-0.31864517675913,0.418065726925774,0.313842351812262
2.85375886733345,1.24641359206313,-2.41830189646759,1.142577053499,0.409240750476184,2.88797089718935,-1.41609762182288,-0.183134191021612,1.9016534863033,-0.0901220033751832,0.201040022154337,-0.0664144978032434
-1.88481952380662,-0.343664773124251,0.964010091243173,-2.50878626594366,0.664864930381288,0.968693664622022,-0.0507586674087376,-1.84925970915521,-2.45729810059821,-0.454787793290144,0.0416263500643879,0.690696435052522
-1.86042169233864,-0.477272466947387,2.68031653713145,3.09769207689781,-0.655892441870238,-2.074299178581,2.50785859101261,-0.305771795903254,-0.324733633893258,-0.194524922023698,-0.0592634140993821,0.0144439805400411
0.655276124111065,2.23559211621537,-0.33171182088442,2.04903444246939,-3.11845369905868,-2.02263698762702,0.568166145629525,2.75964036990132,-0.617313396879923,-0.0505565646026329,-0.344249439425907,-0.603733265114692
1.13138744595179,-1.38999513718111,0.523455824080788,-1.68225295449787,2.33860428927935,1.08256493924126,1.90649739493503,-2.29627130145472,-0.47242642503114,-0.852423433762612,-0.500055157924575,-0.135172649841849
-3.09061226710226,1.88440971694956,1.73118234456205,2.03844873488587,1.89755380043885,-2.61798200763255,-1.55924649248359,1.77498405538927,-1.73333482807139,-0.0899163961133948,0.29017100336076,0.019846407245982
-0.319899162403423,1.38522599991516,0.136796937217515,-0.0461172739472517,-2.43640133977642,-0.812087127803968,-0.255391165436519,-0.97705021488761,-1.21963118727494,-0.725699412454882,-0.12004582363694,0.375203553337276
3.04999260878969,-1.24811495269914,0.00436565146402802,1.2955779801882,2.76354440719978,2.69030175743274,-1.54353046290773,-0.975624801059831,-1.06884344889272,-0.716296840451036,-0.0283602005558979,0.291191630290016
-2.25677437151103,1.94399084371271,-0.646625755869623,-2.345201438258,2.61839430834298,-1.1228522131884,0.24494034497495,-0.918911286085749,-0.334955780340398,-0.123803912913731,-0.148417761726655,-0.119025073177812
-0.589421483523417,0.490530210012088,1.34584182340332,-2.03251183975046,-0.539305399180047,0.883486079591918,0.306601126638227,-1.84754262198419,-0.815202020471426,-0.582691347277596,0.47729230069756,0.219911418805012
-2.27055917903289,1.83664646550678,-0.248629429255529,-3.13419128218666,2.90332992928925,2.17713235226099,-0.732405732440634,2.79781968037728,0.96857247569054,0.669534084818496,0.0728343901431443,0.0709975619089424
-1.7407552873158,2.27019886868641,-0.122599340368102,0.788269033510699,2.49107563103844,2.8297879335385,0.988916858329473,0.0810902537796019,0.804227472725115,-0.291090546178052,-0.248142871937615,-0.272804792689888
2.48246992899604,-1.97141713076236,0.13702829443057,-0.050859325827905,0.633603016133153,-1.97272500730651,-1.14419671620481,0.402001354227796,0.951796272461002,-0.310036702569948,0.574456821853856,-0.424719614039925
0.664785024241123,1.07783553125815,-0.508677075457589,-1.56136268556409,-0.236946312799749,-2.43432386929111,1.41502308054473,-2.18132318446032,-1.69853425611169,-0.253954707320823,-0.032672406571139,0.844102435346243
-2.99070961891861,0.121985958115825,0.68589995241851,0.628851680903817,1.78516105575212,3.06602339870096,-0.747348501312401,0.321858281166559,-1.10350941111746,-0.516184925588734,0.4344947736443,-0.00104678639686234
-0.0659096022131813,2.72067094315785,-2.64246178882873,-2.71216931872273,0.718370883948024,1.57226360440887,-1.08886046589122,-0.788580151352561,-1.23730217114797,-0.223123220548507,0.154936633937945,0.0286283727048571
0.669349112549374,2.62608196218097,-1.108293746414,0.454362722450997,-2.59986037440001,2.80589265700145,-1.35947399507684,2.52708156324538,0.766701282815695,0.00832318066493989,0.0663621257584741,-0.462958027663496
-0.347251206152632,1.14693751880272,1.31026013401382,2.87632100135072,0.866242873509919,0.931167864041841,-1.05943751342874,-2.50532978559924,-0.952377350441145,-0.581200058745175,0.331734195976419,0.694244163897846
-2.98725224049091,1.16503928755488,-2.91307148736207,2.15165770423414,-0.262042494243772,0.793029032301651,0.474767803298764,0.208113799200491,1.99713479126357,-0.0635554697979157,0.138181087209568,0.0258927456781782
0.327424092946781,1.01728170853489,3.03862088368131,0.871152850327496,1.9928526835996,-1.25766893323732,0.57084950404569,-1.24614818909807,-0.619568185179724,-0.268919583462771,0.0819250277800113,0.264223755309455
-2.28757037462753,-0.967799891642885,1.74630454515519,2.77180274512976,0.995866783388671,0.367798277949502,-1.03676296584169,0.733923199832932,-2.52502996087831,-0.0381663629979356,-0.416584943681089,-0.0153378490993762
2.24355427986549,0.501269807295119,-2.06545210629156,-2.15739679772563,-2.20713095084056,-2.38174026740499,-0.832973452184911,1.46627675401737,-1.21024013415701,-0.0538465647443067,0.0962812393576691,-0.0088234229442766
2.54043343134403,-2.08654623325048,-1.75198310701225,-2.45034020336688,-2.91747869468384,1.86338447108399,2.04813123098576,0.381485897713943,-1.71270254874733,-0.319385248131316,-0.608724604384128,-0.173476784230099
0.956742015986088,-2.35125894385871,1.2395688059306,2.77154918500974,-0.230447604711151,2.47524126631069,2.42671161880751,-0.132313608424978,1.60228354134797,-0.430613976973945,-0.181037029436998,0.257427006976961
2.68447466152521,-0.312229434135353,-2.29246884037438,1.86929449430606,-2.4354702884288,1.66331046883981,-1.89932516832455,2.25650175986489,0.600346921950326,0.0358054796976554,0.476081507464733,0.272651730668307
-0.279221994225857,1.01778630225651,-2.68495116172477,2.59263284804758,-1.56898122705536,-0.694209686912717,1.09339016573899,2.16174037885952,-0.881142009372686,0.247135368783595,-0.270044281030773,-0.38956171333918
-2.92416790617104,-0.263785773747813,-1.57999247218541,-0.459130675185472,2.26357418266109,-0.601994728319639,2.6113752123367,-0.70474213217467,-0.810456667442369,-0.36805981739746,-0.400437066474005,-0.364792995315343
1.3749307440507,1.56624966496289,0.362593280417918,0.395902043263581,3.11270828952512,-0.220044500775616,-1.67092405816499,0.48336180243461,-1.09270432671488,-0.228840850842889,-0.0822760171748603,0.398970366608932
2.63808444123005,0.828297656248706,-0.26772178199853,2.58356777798014,-1.83000639266569,-0.955116248557918,0.349031025378998,0.772938114846569,2.82852748548376,0.579482050179151,0.0880057505688032,0.297161937105593
2.22549475475613,-2.19733531291129,-2.35685867270282,-1.73241994737845,-0.0879232273765683,-1.62532446858196,-0.0230398771380991,-1.12161857517527,-0.203276067468961,-0.362193416997272,0.243104906371193,0.114848302166018
2.11714679974634,-2.2950151265276,-3.00002920526554,-1.46980907087659,1.68995547822567,1.21974148400461,0.033033495503954,0.76995667512556,1.78999755542209,-0.0122789610062946,0.261669371415779,-0.0220682676876726
-0.242392315481569,2.67592963149445,-0.600343031877163,2.22910207028838,-1.27942520502371,1.2931430926874,-1.81046648991893,-0.931091782346045,-0.502214238648617,-0.385918250404925,-0.0274152805237667,-0.241726861565645
0.195022500042736,-2.79592213910322,-0.543435784587848,-0.727772021871117,-0.947173443931447,-0.116256386756984,1.11442342171104,0.882034025077652,2.76585444694185,-0.235427805909836,-0.197795964200687,0.240579956803697
1.47457350057511,3.04535050902121,-2.40647279606508,-1.87368845189807,-2.31321053554461,-1.38406407571773,-1.57538521723221,-1.83553630381799,-1.92207325518318,-0.315956209472907,0.0198252355829539,0.221821727395536
-1.09665926624841,2.64351303428946,-1.82951927679032,-2.01207098995213,0.956434114955025,-2.58486159653635,2.03774525129995,1.14539096254623,-1.06914266706323,0.0297716352592781,-0.23666816612789,0.097943729321946
2.35905629994262,-1.5949518377857,-0.0773314720458109,0.825451384018887,1.06408054384152,1.10704834558693,-0.521045257619239,-2.34522964169297,1.06740689179174,-0.859642963607974,0.582076387481343,0.38021099422589
1.55970211619767,0.798809600973604,-0.31360748891789,-1.9473909255003,1.2957865027964,1.7276748916,-0.255656367244303,0.558531128549036,1.10555732474485,-0.11103628763694,0.484402780261998,0.402948655536834
-0.560269932787254,1.82573336426023,-0.876606808786486,2.76032884082771,3.05780026725584,2.41197821177875,0.0710778221962048,-0.905176967649134,-0.368811474002834,-0.602813168612683,-0.132666750613139,0.0130538782687863
0.935578052409376,-2.11275292983565,1.06094149367774,2.57138838782953,1.38429601464851,1.1048046401136,1.7098040861374,-0.40541416170644,-0.360417321727773,-0.158583586625539,-0.437933189479341,0.180904610092552
