-1.57743793051762,-0.143092377863194,-2.24996094850377,1.07559807372089,-1.92005121528415,-2.24827408858376,2.88627377803954,2.07736552710056,-0.838596014443748,1.22910717858485,-0.182630956812314,-0.0664278105508339,-0.499966011082654
-1.87515174864431,1.03565296427546,-1.71357314452705,2.20909715261014,-0.295189823536562,2.1921893655676,1.0695806412683,0.116905536090623,0.108729220522709,-1.78156499407268,0.000471688374362303,-0.069439735379739,-0.336711649214003
1.42079612348978,2.99371709960938,0.954468772049599,-1.42720710679005,-2.48263883646229,-0.32984312433181,2.45882347790328,1.76297843126699,0.145492697348369,0.520605840302494,-0.161918068162956,-0.225125578611343,0.30615053025194
0.547429301020701,0.61776505272728,-2.93808275443708,0.822224184977522,1.96752442825483,2.75834942573526,-0.534196305090492,0.513099899151925,2.62742639771373,0.119263333020702,0.0301184447067151,0.135955581384366,-0.26487769682457
1.4236285427984,-0.0294271971972366,1.09895518647613,-0.66868570824511,-2.08891139320052,-2.17535070015979,-2.42582839755786,-0.289201748746836,-3.06446031970278,0.481194446710606,-0.396490937487114,0.520030333963919,0.0670815024044219
1.79162302421518,2.32735856785293,-0.402806051080615,3.09862441730808,2.74801534958404,-2.90780577092248,-2.50424500596452,-2.34386451817602,0.772436758903761,-1.41053722158561,0.0394982619894249,-0.260646151527123,-0.174263847422698
1.35332986482389,-0.709807665244234,1.75056501372915,2.26876221014695,-0.628504248159795,1.24973216291867,-0.222534219154323,-1.57788337140791,-0.547399222949989,0.930612536525311,-0.243470745904746,0.576948318040624,-0.0662040174127484
-1.15946862483296,-2.91197884448492,-0.547167087402128,-2.91745081604468,2.76414835031487,1.67627404385631,-1.6032607070553,1.65470468967784,-1.24328410781456,0.723700445949956,-0.141275518718878,-0.215778333259625,0.297699973933994
0.409910974127012,2.5782602616756,1.15166209952096,-1.38524551249266,1.67426210078967,-2.73379982703862,0.52325033972461,-1.57920270945005,1.06836323526347,0.171815187831113,-0.395767451545426,0.0976968080145099,-0.320433173373118
-0.375496164906918,1.20221150263819,-1.28775062166308,-2.6096917261803,1.76113692361344,-2.14977377702201,2.98999364632258,-0.338259106337543,-1.21306057696801,-2.7534292481169,-0.463963440040886,-0.713502427118379,0.132451946479318
1.88035919862316,-0.183556074514072,2.69065682148428,-1.43190678387295,1.51267447220144,-1.75797524622212,1.88388191892773,-0.407361610353699,-1.44547252338928,-2.33443567635469,-0.626524502336411,-0.283155967103397,0.180776557728534
-0.690558659222277,0.330400863827081,2.56960673870271,0.0145195698864038,-0.623827069484811,-0.0477495813884403,1.71784523214306,0.372133649336125,-0.580653901946059,-1.10269503680353,-0.275992813301973,0.012783663333808,0.229967342219903
-1.81392603532821,-2.7643684730778,1.98085079180033,-0.862776731716093,-1.22468956718389,-0.517995355670606,-0.365478728389342,1.02292526417607,-2.07395299485955,0.78990768202531,-0.619369068455192,-0.0887732419825388,0.310863274672226
2.75561940356413,-1.38923947413032,1.93165415046825,0.0959849866719262,-2.65230822309435,-0.54325998581629,2.65691774665108,2.56502676978633,0.165587555507485,1.37787382185145,-0.215507142439118,-0.300993216369514,-0.267106571571137
-3.07237876512543,-1.49466191740652,2.15844334125505,0.555203785803789,-0.97750948794234,0.499337339546762,0.50371916789628,-2.14087735909193,-1.28545205634787,-1.01753084686295,-0.364629815066763,0.127624587421589,0.0807868477499238
-0.763619590075778,-0.874192044121879,1.43029101212249,1.42115676379269,-0.83970598062023,-2.09285224085999,-0.487833994018599,-0.372766385017414,0.102630289066601,-2.59373848392389,-0.0111568063575301,0.0290619610829132,0.229227449351129
-2.98063887107625,2.91970513875775,1.99353766450684,-2.41742410126228,0.61702048833016,2.16618060674331,-2.14272567371851,-2.01183053272563,1.91677942242347,-0.15272946668703,0.244032566515036,0.175251166335956,0.150708828391659
-2.22851827848769,-0.889796203910966,2.91978996811411,-2.54618439357153,0.893205077600579,2.45452790307385,-1.09547484442111,-0.6551000870381,-2.61868856522912,0.620611112945986,-0.19262898353259,0.129641490829348,0.266148018986979
2.89435896480157,1.13982861251831,2.69573670535061,0.265624403788571,0.289104438801655,-0.145967909006539,-1.95501155980145,2.97274122320641,0.104092473019588,0.421323450217439,-0.158530857705812,-0.482597140332916,-0.426865237293023
0.342585720699286,2.50635163715869,3.00055290440965,0.50589785024472,-2.12958249275823,-0.331873995632277,2.66499051165985,0.113085043576414,1.06929382646761,0.0961114565397463,-0.0275654227654257,0.027753346133774,-0.0125151458436335
1.11076807293619,2.63276671762197,-0.711725500332099,-0.324053758134542,0.691066072202974,2.11292616848668,-0.446438078228378,-0.516090064919874,-1.30607779080291,2.2444592288505,-0.545561573876043,-0.00433712958401472,0.135351567611794
2.16795233509026,-2.52675379948265,1.4392199346472,-1.82461488077443,-2.44840635006187,2.20304669185705,2.47616754716716,-0.921462601229273,1.25973480646145,2.15193823511447,-0.073362847995334,0.294284855713189,-0.365760709953034
-2.34986868217358,1.55360746687327,0.190545064674415,2.77259689687836,-1.95688788296148,2.76300007541764,-1.35396058712683,-1.9694801834208,-1.40092717649357,1.44179378804389,-0.00490604342856128,0.49723477405119,-0.125099487195342
0.929058530693968,0.0319954998558829,2.03750552147457,0.215011949054686,-2.02476687937447,0.424001177752341,1.14596021547701,-0.837545682610204,-0.0939104548059191,-2.74507273793007,-0.333285220793245,0.0539060270760394,0.0943227475441538
0.629583891621697,0.703006594756212,-1.95465635724599,-1.72500222664725,-2.29270427082587,0.0637410364758359,-1.18492089219126,-0.0882081763011282,2.40699056763058,-0.623678441187252,-0.0447860125192392,0.0201715593919862,-0.284636581833998
-2.5831771266132,1.48517958159798,3.02012874765029,-1.28323159241843,1.01319726263552,3.10856223987815,-2.36598274609234,0.523966167904095,1.50426124783854,-1.89078979395653,-0.192505428019202,-0.109739912826667,-0.277884069282482
0.639765718750546,1.48838477871358,-0.0832260898660597,-1.10801044705614,2.74409393911108,1.49893837738482,3.12144215654013,1.50829453568761,-1.32580099477153,-0.390939378884803,-0.395780024621716,0.0595798608481847,0.49166991963648
0.157499824609469,-1.25366781156929,-2.62477359440603,-1.73174975918922,1.46484582581827,0.989098037544671,0.443357817382534,-1.06572357349118,-1.30914585586613,1.71976678310659,-0.125156934376595,0.449641307691728,0.212105218446513
-2.4763349895649,2.78513846018341,-1.559600657123,0.284379384653192,2.55995849444626,3.05705128505615,1.01199770318191,-0.199274860885293,0.542836309714282,0.489615642327992,-0.246897476207021,-0.0122691279759433,-0.164663217874609
-1.17816314074796,-1.81405942845783,-1.75706672730193,1.72315069092704,-1.07637242099729,-1.26182727443317,-1.79520674186643,-0.0391171044434583,-1.31175153334836,-2.2992520202573,-0.337611802038865,0.208346396256664,0.380554047489116
-1.00526323036774,1.30500270561687,0.845268566001517,-2.74159215915949,-2.79548620940157,-2.19431752969855,-1.70349993949288,-1.27770659220434,-1.16664359445291,1.21600771019904,-0.304677620863667,0.77744545578694,0.186310102128312
-1.7262604782893,-2.13274947752223,-2.91009178917385,-0.771709506984295,-0.982117257078514,0.499044855061783,-0.995566049760337,1.21642926491343,-1.22201238622871,-0.232414929325872,-0.483620450204817,0.00304336327155847,0.129500957756942
-1.93867534811435,0.0965456360128346,0.911259488916692,-1.4660173940877,0.525524979681017,-1.9540023531513,0.687167090576993,1.25290505509277,0.725184434189406,0.793077828609786,0.16865115939086,0.540425097484039,-0.39613201382076
1.1437368222424,1.67460382307172,-2.34720896215389,-2.11362505986201,1.62353512198646,-3.07823291300855,1.64652354486296,-0.120972324002052,0.967908389438016,-2.53459138771332,-0.0121319213149429,-0.410901964432093,-0.148533421662623
3.08161630619297,1.7559285108111,-1.47566723448331,-0.593949565434497,0.936248439871251,0.419785854166716,2.37107901984263,-0.232469304499669,-2.82593725424253,0.47683718311343,-0.477883426255042,-0.097087654464165,0.159788429723526
-2.60276799217062,1.16688094820115,0.487727122468964,0.661066723762794,-1.25500603749178,-2.90392039365994,1.82572567526602,1.57959890041806,0.195403391327179,1.9903079542145,0.521413066178746,-0.125218126761263,-0.512751507072029
2.52881881916663,-3.11286193825922,-0.0895246962392304,-0.742830346716909,0.0708930867727488,0.40687901387658,-0.767963563258069,2.91229515835902,0.889396789680418,0.407970557454885,-0.235576165797909,-0.607877543631468,0.392617330151082
-2.28907687612786,1.95324334496576,1.03148288144942,-1.11317292353199,-2.01295978014727,1.83819668004757,-0.580354091083554,0.410279940947283,-0.34962266267002,0.93333671820421,-0.0957508597429212,0.00438227833017958,-0.385172126761959
-2.87642560115963,-2.20219970270782,2.4218020653775,3.0327629401099,1.06837198000581,1.86970356703473,-2.93142036894597,2.27344501686662,-0.725955037180464,1.38639234215059,-0.0895033666117658,-0.074207309680959,-0.029075945285378
-2.29345095550109,-2.16081756715223,-1.80173923839825,-1.50129239365898,2.55054936042446,-1.60829697583701,-0.0932450200619614,2.38186236052961,0.907255634731333,-1.11290456114671,-0.279426598633127,-0.313278177592421,-0.25127818062027
-1.09262971919454,-0.177917875338659,0.154969249527809,2.79788622141218,-2.08452053801312,-2.79169937928892,-2.77157400088978,0.392682872877272,-1.56046008308243,-1.11109092835063,-0.555549481080457,0.38572601983665,0.0862550977821731
-0.352888780318686,-1.03591712628726,2.23914171336496,1.61317278004125,0.460698529603883,-2.26495907623783,1.69048051739638,-0.529104075871548,0.0251363292957172,-1.77631747281747,-0.0937458799272466,-0.13353353803814,0.0810708171174254
0.305649385671486,0.819224504893005,0.0850992042299096,-1.43939961696685,1.52713012827588,0.586182562853384,-0.371448869446054,-0.600688742408086,-1.0578235154539,1.1887405587872,-0.284485421385954,0.69428368680031,0.531822062943825
1.06850107086634,1.14707385819022,-2.55687236764087,0.4007136893893,-0.665343095853306,-2.83615036121438,2.61379130950472,0.40695587408909,-2.70883260066142,-0.309934712020948,-0.102341155932936,-0.0577679450805952,0.337266126012973
2.58910480678009,-1.94982266113472,0.379618555407906,3.13221262336086,-0.48459258211397,0.193243023892792,-2.03897529910999,-0.116727441700769,-0.612436103946378,-0.237013059190809,-0.710745706049494,-0.187841105443458,0.0382740318384221
1.05823605474242,2.49679145118792,-0.989897417571757,1.76257270227259,-2.89935521429471,-1.30236687097805,2.03929264254843,-1.69136156514988,-1.63554748940122,1.2390424637609,-0.447937040612433,0.0166422668444803,0.283768849473924
-2.18627184512003,1.80476378392807,0.247776574535723,0.703152405653513,2.74337414451064,0.0586970661114424,-0.399142577752366,-2.15170339083886,1.33618006048109,1.48759098208949,0.534255938502557,0.722654104093042,-0.0155345588250418
2.62884417882663,0.336639321789182,2.41329370772403,-1.4096576677993,-1.37874491961421,0.844107076615442,-1.96976735082284,-1.14743819225625,-1.82012765151546,-2.02531893368958,-0.770202095789688,-0.0332231366911787,0.438586513741139
2.26247682120595,0.712820012457765,0.948030714095473,-1.67825028187876,-2.52589996901518,-0.714934821335329,-2.8213038983199,-0.0772420028126922,1.37769996723585,0.940196752420923,0.295966207155261,0.476701820946224,0.186325293281914
1.33656459629892,-1.72566331118332,1.27021951226845,1.62930183007573,1.91521425307549,-0.964144335229977,-0.939841712717179,0.211040877584166,-1.1817420626322,-2.10204565500318,-0.135405695738101,-0.215817323305336,-0.0599201705668284
-2.06103470684342,0.161910568988216,3.10980578460715,2.91867308328342,-2.49862130982517,1.79710803893082,1.89353238763502,-2.19215130429495,-1.7023027635906,-0.433185322333771,-0.192607911559102,0.238671938423307,0.429935938998115
-0.344269324918423,-1.86479422868346,2.09496348125194,-2.84188064660194,-2.02070865949604,-0.36888302635883,2.62331588890832,1.99940212147901,-2.00355464192686,0.977739500933278,-0.215101485063559,-0.265921718134843,0.192132596415505
1.1286306746507,2.98539597605076,-2.35362514728482,-0.191537940279778,-1.04266558172834,-2.86705325260591,0.838080223980729,-2.60596895908516,-0.368479005541967,1.24453980535865,-0.000743086230966833,0.461247735833858,-0.0216796493783712
-1.7572591090897,-3.13618949793551,-1.47712814565269,2.13364564728503,-0.984424492606612,-2.41118860329989,-3.04337748408283,-1.24380915677261,-0.239050311821322,1.65876632483873,-0.305062517071637,-0.0016500718563696,0.195373354661567
-2.37140241440031,1.3631154938717,2.70241106285002,0.862347641406033,-0.223315588788456,-2.96145596720571,1.38094989369657,-1.08191553525634,-1.42800011512776,-2.29779784281213,-0.426057724528827,-0.233591782969435,0.317112780809699
-0.444960636075394,-1.68279359215414,2.20397559911745,1.39729445702935,2.21143362951668,-0.828162851645633,1.71211824141522,-1.61092677381359,-1.23422628982159,-0.864601319778019,-0.198776129835666,0.000787749474993826,0.254747634179506
-0.373731480212897,2.92128084591891,-2.76218755647246,-0.507076365661233,-0.724907736431729,0.591145826498997,2.28759644685107,-0.0665255814624565,-0.714139644715405,1.07307855172609,-0.0713399481596721,0.196630409479746,0.244485268431919
-1.32388544192674,-2.3270371319962,-2.39348178328793,-0.885086684952966,0.792216169309217,0.35312194387107,-2.52391253623911,1.56031443137285,-1.56252003225703,-1.25629915507963,-0.493275212497155,-0.0921406428755313,0.131829906859651
1.0547810038007,-1.52646819904866,1.10161473671301,2.39460379989992,0.384951938245758,3.09884354497507,0.434283400619288,-2.08775021205026,0.15655072355438,-1.56801883805411,0.0285327697728103,0.403667606004388,-0.324426734804873
-2.75000227787439,2.45488419989649,0.231044003500536,2.94497722322078,-0.623071738116738,1.03778004788958,-0.383905284538894,-0.717771196019126,-0.278064246043504,2.98379396374215,-0.370516181599927,-0.118260357644361,-0.16086912178343
2.40350475152797,-2.30352088928048,-1.36866272398208,0.120422159713118,-2.37484822747162,-1.69360853389985,3.05115976239032,0.0625447168451874,-2.09468847645803,0.174266273985585,-0.791027116301266,0.0333964387524052,0.2290563991242
-1.84862712311556,-2.02020473808857,0.449568036883833,2.17333305187327,2.41328715980545,-0.918016238265295,0.141702869437071,-1.09896589844739,1.43679038148378,-0.470705251160966,-0.128526893345468,-0.180981308716165,-0.137031418402316
1.06865080365365,3.11776823260722,-0.225827448779895,-2.68040965130339,-3.05199154639739,0.326585081416346,-2.09885186541656,2.23521333608245,-1.1570708234274,-1.17639731693313,-0.137522150437592,-0.544758842470088,0.37168701873198
2.42168391470522,-1.00696390732222,-2.82921619012486,0.55148213418306,-2.24469603239198,-2.76631512297368,2.7780546207223,0.748876199459893,0.441801868395773,-2.74573883484985,-0.421352200064111,-0.299684049796783,-0.232551974980636
-0.311076751972115,-0.831673387496809,0.0123086803591104,0.604166091786692,0.366899397533177,-3.00707973118892,1.12807610842836,-1.79497278126479,-1.90837822218717,-0.258795070962867,0.239096888877467,0.382718227495427,0.422771431648307
-0.947151740615648,1.81909845818025,-1.99497037093901,2.1791796479379,-2.08362853021579,0.0491290197055045,0.717454517564522,1.74633720936082,2.10282850005638,-0.497718282780108,0.320738729771703,-0.537671382848379,-0.21106836789867
-0.710717149457604,0.408742257089651,-1.48111826425008,-2.35661153740059,1.30285087972768,0.366379790395073,-1.42492757755521,1.67580233546629,-1.79595021943986,1.2912044098717,-0.599438122800988,0.141905321437799,-0.128490644294046
-1.58259045692949,-2.72130662550032,2.14759790249336,-2.37086928886535,-0.068712297564558,-1.87022987573208,-2.93584305393973,0.755201532652779,1.90029428391887,2.20435226175477,0.223034987637892,-0.121916310058072,-0.311464587378061
2.1197926992293,0.268400536580243,-1.83233316032227,2.55823223029082,-1.57856967028945,2.38450792007302,-2.95458695322427,1.40661997042608,2.70462035227173,0.0825239391643651,0.0191782482862246,0.179286860605217,-0.415479443837082
-1.71538297402485,2.45026254956492,3.05561758729167,1.05185283347314,0.751929945810624,-2.0568708042674,-0.794793644231345,1.95334577434135,-2.19869903447377,-0.0948850124067354,-0.446688222583159,0.0161439739361755,0.263032332185932
-1.70557753657397,-1.1302905138402,-1.4042253936539,-1.21574525182812,1.46858811385441,-1.54746940890623,-2.20910637792648,0.743369095484853,-1.46684442461671,1.89386058935077,0.154319668891577,0.388751466097233,-0.0917649346673247
-2.22831902777344,-2.96398111549048,0.0474830100370068,2.06782287765763,1.49160355418662,-0.54552013669744,1.32716342674735,-0.650286284087612,1.91413895528554,0.187586370869535,0.169957341378495,-0.18938183428092,-0.371795181699928
-0.268263259359287,0.406036305839865,1.02161841310795,0.968097510434968,-0.519144292865135,1.23786973847806,0.770255055016618,1.43309860145795,1.3696105171829,-0.335005293706639,0.0489817607658398,0.301552306927988,-0.393892733933548
-0.59272270157136,1.64645264405563,-1.60106238460555,0.847784117324409,0.357384243371053,-0.534620727735456,1.69435219809835,0.372315229424481,-0.933478969189582,-1.0196166198016,-0.436374848218452,-0.466848101440696,0.239864930036371
1.48827306473326,-2.43423653126639,-1.29742208097273,0.994877498696491,0.336284670263366,-0.470457873595498,-3.04016219292288,1.76571886331655,0.174166845353842,1.39025708676103,-0.0593838018774932,-0.545062013231872,-0.337175540949875
0.0267249916313036,-2.8448453001163,0.360896160032569,-2.60995797016547,-3.00774841249583,1.84429572673042,3.09585651216203,-2.31865050627188,0.0994035983855752,1.82345234575247,-0.205684640341442,0.388851417288429,-0.256148564461969
-3.08768911356615,0.680752181919968,-2.02062914127665,2.06582497362792,-1.83067481213813,2.78279715949219,-1.2154462368995,2.48079231237194,-0.473041097950365,-1.46619794151746,-0.14937445333798,-0.107647904950113,-0.232661288154208
2.29609337974522,-1.65453887928195,-1.98565462448992,1.92659167840121,1.81287209018659,1.69938997355622,0.758816706719516,-1.3805953688058,0.555986901366989,-0.10465831871688,-0.232527815700495,0.624879491534188,-0.0705880640540499
1.06391097514405,2.51294268108847,-1.98657362172543,-2.92929405764023,-2.8184535727671,-3.07258529085923,-1.3439378623488,-0.0287589515540613,1.06646828533154,-0.356075719977749,-0.0811894636175417,-0.0915880237700369,-0.161728827375595
3.04651564603028,1.73502546026518,-0.00666329267134611,0.244796328082953,2.77370495222057,-1.92509759084641,2.33925891783094,-0.157615020082054,-1.24155801223618,-2.04479027465875,-0.192602086861429,0.213101021965429,-0.141327979830127
-1.94998664969562,2.49770753590422,2.11290508370048,-1.47578377112367,2.99112262551639,2.87148724372395,2.65426019687066,-0.393876246725031,-0.0823956531871647,-0.477537745508807,-0.132761100242369,0.0820072681717832,-0.248085769057739
-1.43006155718683,3.00700056481924,-0.527930890520017,2.59624140020982,1.83164640643059,-0.266395062447566,-0.42866504318139,-2.13760458075544,1.21252485834544,-0.979931517594849,0.272097606047407,0.109512948276669,-0.493291845638128
-1.89134736907597,-0.106363474173732,-2.570578297096,1.78860004756053,1.29254313426915,1.47846438146089,-2.48344289179408,1.98093659169352,0.721201809946189,0.269661567052466,0.036577221721477,-0.280486465938001,-0.493766998383563
0.627333414522013,1.51621952933666,1.32179164870769,-0.443403835708231,0.841768746682747,-0.0572779140438304,-0.697100445233705,0.155749004432338,0.138440518252004,0.305710350071429,-0.391082818387489,0.467521982807523,0.259788432532645
-2.00654822828469,2.92857365272137,0.916151122308012,1.10856700325124,-2.19951813191667,-0.515919846644664,-1.92342616268628,-1.51120859566429,1.95732533968925,0.560245062432748,0.413613551836275,0.336969148806063,-0.253017498465931
-1.2074715408966,-1.56879752758882,1.06944250375447,-2.87303575084478,-2.77565509575129,2.85518082925775,2.927885970965,2.34446203673186,0.314815427367617,-2.01550537805478,-0.225724241364831,0.0469827644475617,0.0680183534599074
-2.60966605848905,-0.26208588136276,-1.42664151585062,-0.567959100502718,2.74072904804487,-2.36130799162682,-0.744773392953889,-1.03852317240224,0.582777186109261,1.82081179686207,0.326147722317641,0.56336076997236,0.0921328680474872
-0.889291288374869,-2.39985149885246,-1.24630780816017,2.38671938534876,0.568149320233706,0.100842674916197,0.870993157295338,1.98694406128611,0.255771893102191,1.14725238887373,0.157194731414439,0.0778094458001013,0.282282384598641
-1.01333618101266,-0.385729360399916,1.39004845970967,1.40291969005187,-2.81140365269026,1.92133131361119,2.25901126586474,1.48308940830804,-1.11662344981616,-2.42999406119927,-0.455260869956033,-0.082463501323805,0.120228620716651
3.05702126210245,-2.94486714175473,-2.30690167700871,2.22635187166849,1.74131811191959,-3.02431572646114,2.33498328676414,-0.00854524666264695,2.17595763871409,0.541974528669387,0.0522271770635279,0.1050635860409,-0.558038203322497
-2.28459954075046,-1.58634816733392,2.60564030174883,-1.37689566613974,2.842727479285,-2.5298148656077,2.91531349340653,-1.97971089632584,-0.644938517760884,-0.262615074415395,-0.338239890285963,-0.000922622801649522,0.171319347362447
1.95942563531873,-2.82292799798328,2.71236005829825,-1.603126689618,3.09620915115425,-0.803061435231135,0.616595009070416,-1.02353288793685,1.34740475877548,-1.93617392569722,0.124762630507904,-0.134764291095934,-0.087177883953027
1.47861411596251,-1.50051206472292,-2.94211958032967,-2.18608446969666,1.75949277826366,0.823350420309849,-2.9733218313514,0.877046752213071,-0.0386974008385056,-1.78327445205171,-0.340841041324889,-0.317153138220924,-0.0516344042124182
2.00322625434216,1.48581615684633,-0.785870763331038,2.13077535895516,-1.0897612769673,-2.69145150981742,-2.45111474563736,1.15903170378823,1.62371999263107,-0.43028569972766,-0.274960699214494,0.0931812635300217,0.196984994176323
-0.249517710345076,2.59191088289967,-1.69759348555937,0.459110557625974,2.31312331992762,-2.5039119647365,-0.628119555262885,1.57358872977741,-2.6307431742309,-0.368580712457597,-0.0960528682306294,-0.0997299576362282,0.417078604074599
-0.117084275144821,-1.16794749419522,2.22809191271388,-1.89536835190642,-1.28395254813813,2.81452078218074,0.645615095596576,0.411157832791383,-1.36008466552032,-1.46832070555633,-0.0181369745567897,0.00471545386913212,0.0575847703922613
-1.26208438512862,-1.95070830850791,1.16961470680763,1.84484039804945,0.723285839160282,2.58798586613713,3.02378133449154,0.135492654895514,0.5683357531988,-0.822493017694688,-0.0691579695540727,-0.335242489998951,0.101066253268733
-1.78803644385825,2.19404253024068,3.13747247900444,-0.986067008662254,0.866052250162743,1.64230025413132,-1.71044852153323,0.869992096256308,-0.447462157398241,-2.36336864199253,-0.467141418925216,-0.305637899831503,-0.0316112670714818
1.53609080462931,1.16984348447958,-0.373576765085555,1.31847053660141,-2.90659532297244,1.04058521534873,-1.22328978011149,-2.10988932243219,0.156996076525355,-1.65972552081754,-0.309835940610532,-0.200643229125985,0.502991377423499
-2.60829016799351,0.081502839093391,-2.65227224580623,-1.16742954520167,2.59138089537231,-2.22606146752189,2.88936389384502,-2.2988082768174,-0.381354439017546,-0.61196534963739,-0.308418544913312,0.266864548877394,0.277594613141178
1.08327775950288,-1.27945146011396,0.343553129078933,1.20139433810565,1.53522799230407,3.04686917579012,-1.4713296781011,-0.725893966680853,2.3974148272576,1.84561161074174,0.821890900696651,0.00769258486582755,0.108714734762864
2.03220168723258,-0.603721135487038,0.947094072359893,-2.78156742518195,0.549038789236206,1.51761721068644,-1.95621933565722,-1.75994438994281,-1.44624281413386,-0.763666494921073,-0.84598695014654,0.39232833296166,0.470004156732505
1.70333716823835,2.80009427396347,-0.082066281102976,1.64047480998493,-1.28131900483446,-1.39019487622345,2.73457977077745,0.424006954193111,1.24291367470157,-1.54066180252891,0.039719203504641,-0.479050201369129,0.189852460260861
2.26484514868046,-2.96039464679938,2.58062101321913,-1.24897057392364,-1.558094773312,2.58550856135768,0.0841447947312323,-1.53651615723968,-1.6336532077286,0.632358541456044,-0.146875357687824,0.157204690076468,0.0489246402987598
-0.469647179152894,-0.467294190425434,-1.65740044937568,2.26245039476569,2.90637079018506,-2.27454548651913,-3.10111534821168,0.78306379613097,-1.93749434377143,1.45897850735305,-0.00333664325044939,0.426356267758949,-0.151109749764798
-0.893370481575778,-0.467739260076708,0.70124550220966,0.344432335199918,-1.76773549140656,2.09444628607479,0.693061568644338,3.01610345137818,-0.461192318024803,-0.37337624780782,-0.17558491486214,0.165464048073728,-0.45379769565819
1.57688539762164,-0.484773541158421,2.21267148604012,-0.917633191814122,1.15002453397778,0.304306092954347,-1.26745305021123,-2.8262690697606,0.218443883474956,-1.08732334106409,-0.294979543802344,0.722057783809149,0.136730479947314
-0.566868048294596,-0.634098784796953,0.722144919317497,2.6067832298256,0.537704241810224,1.35857335047923,1.79206279951018,-2.00745341733521,0.082712797225651,-0.911711834475604,0.0810476423304233,0.263653437293602,0.49756045256459
0.875333888619294,2.28697674308621,1.42935297659936,-0.0754853153447302,2.58928041466555,-0.299931277141859,0.00346584339265815,-1.51232465763941,0.19490817176894,-2.41986272375509,-0.0601498130906393,-0.485365141525567,0.159513424458355
-1.3796770932804,2.92210217195065,1.26136632656657,1.57596501771911,0.94639988775323,-2.96214152929852,2.79205598250102,1.09708331832024,0.93234996351859,-1.29237207096375,0.0199438193703093,-0.553222984795011,-0.353536432600527
1.03311870113875,0.541379233474662,3.06912976801181,0.783609862403805,2.32840043667246,2.20669976627302,2.91861307608721,-2.93856751530645,0.47245909881673,-0.764300477366032,-0.140136781884399,0.119436810509077,0.268980824448067
0.138113851198116,1.4266014698172,1.64069115857895,-0.563542599567852,1.22944844413922,-2.31421120236271,0.0671995347416409,0.978978480302901,-2.39153191266338,0.946355175021958,-0.184610716626271,0.625028573532132,0.31617549137811
1.73519572925799,-1.19159620155884,0.239428420742828,-3.11132348254009,-2.803666326964,0.0727558790676518,1.28903598095873,0.092449346471175,-1.38505713601533,-0.0410144795025671,-0.66594022422586,0.240355473110206,-0.0307533591238798
0.474874603123286,-3.05105693205047,2.25667147586938,2.90062278357155,-1.69726490610595,-0.571180526452544,2.73432961118707,-0.117848173408263,-2.22824084649765,-0.530902112971365,-0.448885164325778,-0.150672402829974,0.471845987935736
-0.76526362619849,1.59017751445976,0.780277020733835,1.47224390907318,-2.01883322814906,3.1203006508144,-1.25773660887087,-0.448969113249304,-2.45493099180162,1.30233758505446,-0.385320471424441,0.663716045222553,0.413188461276363
2.5681159323941,-1.67351604548607,0.29771909048909,1.24286966640593,2.42039274121625,0.090753277235119,1.15850053927629,1.4755000358256,0.905118048122881,-0.0894872122873595,-0.157355719377652,-0.464411711481879,-0.389151798643514
2.20439655230871,-1.04715462448652,-0.16867758858651,1.84635667404372,1.86415415275629,-1.45422741415231,-1.77775028582478,0.558164605116757,-0.704876176461263,2.21176235361843,-0.137903622773961,0.50239042007252,-0.368132623928528
2.20206661796605,-0.228182909259771,-0.322953939354293,-0.840060615818548,-0.581812047530139,-0.232298491680667,2.00596242232561,0.825801386276092,0.9645394477976,1.32685421686331,0.565653597710313,0.449236195851592,-0.296638275078328
2.58381150317643,-2.5165703918935,1.05323048525807,-1.35454415464419,3.07441738684182,-3.05684962594215,2.98851642334545,-1.22253689540513,-0.595525886060622,-2.65746504600641,0.0342877495111262,-0.327600978898679,-0.255958120967528
-1.11821115483073,-1.04879258111673,1.79098442112752,-0.223071239080347,1.43374009617795,-0.00975131073373709,-1.73690540544678,-1.35761351963304,0.0995326584170957,2.78638134797704,-0.0717584707538751,0.121706668081324,0.429345166083401
-0.332172037806969,-0.272594601968523,2.20460590681326,2.67276962113793,-1.01097316339286,2.82916693455861,0.547130431931578,-0.55987514827863,-0.260842916432105,-0.927634733232099,-0.0526837707048368,0.241421871217149,0.0582913265469281
-1.92201937807808,2.5806812816535,-0.37986257156058,2.17800646951727,1.88024355617908,2.44753572649297,0.121754363330654,-0.124855821466733,-1.55220668854539,1.40371203596404,-0.624217435032885,-0.00231466675757329,-0.055536640735096
0.62820169402872,2.96699391334665,1.07668994464338,-1.15395510859012,-1.16692856512138,0.179276581934867,1.59077583771084,1.58251406450546,-0.573648866549779,1.62254305977771,-0.316678289677209,0.184745524222915,0.439041810519172
-0.464615378799296,-2.88896324893888,-0.965574137209101,1.04438545541471,2.46749538069774,2.10410104934358,0.799163757220031,0.141081921622025,0.999360520310598,1.71462616815925,-0.207522528666668,-0.0253540735487957,0.109433036291637
1.43468046740936,-1.45922663875956,-1.83095171457739,-2.14875420617258,0.33304041055248,0.279476135302509,-2.13953078674081,0.605813645230327,-0.0537232396530859,-1.82397008887206,-0.550308648333092,-0.0610166094231301,-0.149051979962322
-0.669164287448387,-2.4545887242896,-1.95343757645505,-2.81481805521785,2.34337708661227,-0.734322965351924,-2.3903124288431,-0.557895884090123,-2.79078215322481,0.221894435447766,-0.165248778075953,0.104048791809209,-0.00171466343546378
-2.5955301854698,-2.48344830705739,-1.14937220943923,-1.58137649726568,-0.12424736831391,2.41913209646091,1.6204659107507,-0.109047081087647,-2.40127454291579,1.20357789507586,-0.149266944992472,0.38538503293106,0.788976740984646
-0.451223313355196,-1.84929422303052,1.36618656197592,2.9707546466062,1.52823299315346,2.62278508079065,-1.23667736793625,0.480557262406055,-0.368512456563128,0.369083537242238,-0.117773343831734,-0.177151045433185,0.0628041447520183
-3.04879668092188,-0.221279174562484,-0.129810104708651,-1.53372395149391,2.13671797411138,3.02214994737756,1.45487408349902,0.456512655840906,-1.32414615008991,-0.570668157988388,-0.435101740654611,0.437551302234883,0.0774218316662071
3.02800091509965,0.990225364788426,-0.32552895005215,1.02569341061253,0.491879340185765,2.59353667028525,0.372011928698217,0.194294805910808,0.514287612227781,-1.24939158586642,0.0590409033983397,0.483232975243546,-0.04623117466968
0.246037169971442,1.37737167253559,0.115461179102779,-1.89345197641817,-0.368772910326578,0.539565927921022,2.53683224153637,0.396412283148955,1.80688159476691,-2.25460137439245,-0.272484581802866,-0.901599281828277,-0.600987733152083
-0.0244609790982718,0.160463410856703,2.24679750319757,2.09290934716761,1.25248946939138,0.364267636879493,1.26227966743203,1.80054148761759,-1.33667627414068,0.62996893555368,-0.161068888999279,-0.0153512523200434,-0.0454954761386169
-1.34561615922475,3.08768519920629,0.993610379604736,-0.858836945841085,-1.48018676667664,-2.23816660756799,-2.9155736680438,2.7675594838432,1.16435629024236,0.334047516270693,-0.237903984895708,-0.636252690683578,0.0115689850466497
-1.19755788107795,0.472493997775612,-2.29288753625717,2.24157836287004,1.00421228351835,1.63027866928144,0.523460917511092,1.0798193700321,-1.9290463311782,1.98572475501218,-0.501277682852625,0.322304049475541,-0.0159529344112665
-3.09567811298041,-1.36965112889383,1.59120157001687,-2.01132318045166,2.86078256653381,-2.1573377762597,-2.65263722113683,-2.65831312872503,1.14488311497911,-0.0926512078342317,-0.386663852832406,0.379248466246396,-0.21637977059647
1.45264907586936,0.562118890527623,1.96994162618945,2.02016282328475,0.576888577216346,0.786400146089578,-0.795046593455569,-0.788686833945788,-2.1226076101329,0.830477371062308,-0.318967251970221,0.469209283915335,0.191197362402651
-0.321100806382991,-0.657039958370655,-0.165219949849268,2.01453796169304,1.11726752232495,3.0221238162264,-1.27149230039812,1.70973569363404,-1.14301757691379,-2.31923803113635,-0.732890182674523,0.189474435773693,-0.321913158988449
2.77028982121653,-0.571030737459837,0.737599570996903,2.18858487678589,0.890237805608012,-1.54639028611354,-0.34274762302266,-1.88305184062372,1.51384104897936,-1.91242491284992,-0.356744297612002,0.0814004799633322,-0.529594846878303
1.56130318292197,-3.00717074511705,-2.16348248247326,0.410782574210405,2.80092118368129,2.10839385138762,0.743269653679168,-0.429698334834403,-1.30715176644054,-1.89146001866807,-0.260345221014612,-0.0565051006343501,-0.0590868316265955
-0.239917985371557,1.40757746329127,-1.3132491741914,-2.38761203790145,-1.561419586174,3.01623449820324,0.290465860007571,0.442493824478831,-1.00953150383507,-1.65684222024572,-0.336195669138193,-0.45643507924783,0.223505645613987
0.0772839654838462,2.87275940872539,-1.16328616509837,0.00301640084121402,2.64058653438819,-0.536220050098193,-2.55918043208098,0.572957757795647,-0.0171613820360627,-2.12697379598437,0.0714887370469315,-0.269927246910951,0.193472756832596
1.22892896533997,-2.32888371200102,1.19484779324433,-0.427340031933967,1.30349053044353,-1.87928301826858,-1.12441353637006,-1.84367069383627,-1.12893712289269,-0.343382247037865,-0.266081658750169,0.125614395959026,-0.312851851609609
2.25622363976949,-2.43689805022424,3.05083480753329,2.59144523243309,0.524216417196996,-1.14105149380866,2.40458856309844,-2.56605297329693,-0.451149914734541,0.725814836437411,-0.161250405258642,0.410895866842159,0.39431816384195
0.992177757489188,0.804558233841373,1.10849814118289,0.3521383330917,-1.25526546562294,1.26847793107128,0.817263407495175,0.732927707285605,1.59263308797211,-1.44418153688236,-0.244762412381911,0.185573343186097,-0.343431711727885
-2.13024319031459,2.20619013015748,-1.56798170674208,-1.28535874128815,1.70215051652809,-0.220443029399308,-2.18435399575444,-1.28952646837294,0.794436602233659,2.09584436581387,-0.112481440494964,0.330277099993054,-0.0722392840880332
-0.816610721732614,2.07775361701322,1.73920120958732,-3.02727451697186,-1.87856306943856,2.0438783654053,1.4148729505149,0.248902146767648,0.94664990691848,-2.21781416431464,-0.099258246844808,-0.401035919320107,-0.498740587911504
1.59576276483528,2.11854626965473,-2.86113681070364,0.891531219736201,-1.63861269631836,-0.202684075457401,0.390345570918875,1.94507665208243,-1.53910469323578,1.57128385140492,-0.305143082290438,-0.0681287975164545,0.169175222107139
0.135000272281248,-0.598288830776069,3.04380812699123,2.41702572471227,1.00057955123283,1.80860711428066,1.14333612074214,1.15965716412968,-1.63720619146957,1.42329714556267,-0.232194414283148,0.256771472356755,0.0929683700859733
-3.09831931428293,-2.20832310551719,-1.9628309800326,1.50717943264981,1.68997648856787,-1.15856238138113,2.35261435303776,1.46439014696112,0.416460268374942,-0.722744395787802,-0.479124263691448,-0.349892852365047,-0.268201255554062
-1.42369143998742,2.86442355999943,1.90301213563727,-3.11193497297687,-1.31181325817759,0.702706349238901,-0.879696358166449,1.58271621411351,-0.47713926372183,2.14482811273295,-0.334163733302257,-0.191770252953669,-0.202512003873888
2.95830592349848,-0.56618417613463,1.54615718106432,-2.12057077944699,0.587811669986278,1.69900327684008,-1.22923966906415,-2.89345358781713,-0.593128356813978,0.753229545747937,-0.476203533458839,0.499712285601354,0.687911892737593
-0.331154320642448,1.58466630149104,0.316327715518882,-1.57122186959192,-2.79592232857886,-0.472075957922906,-2.70225907412506,-0.107070686468946,-1.53137666810956,1.76554183086377,-0.448134194138137,0.61932298865705,0.426562263316684
-0.871574615999291,1.76878661200759,-0.519370592210194,-1.66222443420417,-0.965648350106897,2.3199317416273,-1.75642684308519,-1.22665345153743,-0.188528914432106,0.383688975799663,-0.548438851355643,0.219918321907155,-0.202578172749203
0.765601859091687,-1.4353622280944,-0.588772026104126,-2.9889316705456,2.49188531874779,1.35178133824512,1.13060631809819,-2.29852347922809,1.7894927298337,-0.687397872925762,0.273443349073143,0.750142378159177,0.204396040742325
1.53882434068068,1.99125765235446,-2.93426371862517,-2.41009702679752,-1.76430552757205,2.66155865404478,-0.671043076354887,0.398744448221741,1.24569743820923,-1.01234986534321,-0.142958656485401,0.02082667052987,-0.130346948479615
-0.366225104024591,2.46968362115744,0.150468563066509,-0.885386542321677,-1.24073151305214,0.695279559840493,2.25493575991856,-0.682582408058034,0.0609805860528087,-2.58565838426216,0.120515111107301,-0.742818348646748,-0.130734613571054
-1.60048004114886,0.29463391157371,-0.765402447512858,-2.54209722705286,2.46439362415696,-2.32778384661428,3.10570299851951,-0.780187668227019,-1.158567318373,1.55427582807027,0.0857794981089667,0.597597227368334,0.0340974486104347
2.5357134487498,1.92444376701348,-0.736465069066218,-1.95231545065166,1.8451065153279,-0.7020263084247,0.498278874603253,0.546842027265672,-2.02376544991772,-0.59619648126139,0.0269211461463707,-0.134090145079866,0.225682726005982
0.520582993983326,0.804505016293834,-0.73876699456197,-0.666263109000542,-2.72362170498469,0.837210996594928,-2.47756354302248,1.27865023007702,-1.44746037053053,1.68173602511356,0.0681002697623069,0.545808684555405,0.174804322154598
0.0198459422152198,1.98699095296898,0.791370839672541,-2.24530784608323,1.85538625028845,-0.912002716825406,2.16180770401989,1.64854065491542,0.70625346399188,0.150063402110255,-0.447331565306028,-0.221542041006213,-0.363771104244282
-2.25224281111963,-2.43014283534493,-1.2225348681917,2.1557649571124,2.88695352530291,-0.735554616769294,1.19031898517409,-0.165501776722881,1.02236263690738,-0.969963663987688,-0.281505657938635,-0.31029559181878,0.0324045375787455
-0.598573397981593,1.8002167099667,1.2272479282606,1.10952988496655,-0.266403791622113,1.01984460324733,-2.89584374601221,-2.07708096013073,-0.498609624164003,-2.24027905745561,-0.767726411185545,-0.239576626651511,0.296386057880766
-0.876563793241035,-0.268761943959529,0.761557489316911,-0.0406731356263729,3.11405766589151,2.10142664264146,-2.93978082658271,-1.13738906196915,-2.45496248902884,-1.18634849487783,-0.177575508499985,0.218647751218089,0.687671716501276
2.7747166268461,2.10313875036544,-1.61260864106827,0.670619213919397,-0.476873163625089,-2.79586844454399,-2.22933275288388,-0.904794544376963,-1.01991899358913,0.668018902311717,-0.27256428630663,-0.11765549373977,-0.0795675337452881
0.0936767096261147,0.325012577719106,-0.0441413550905786,1.37786104713567,0.338417796969036,-0.0625854564266644,-2.46121024648153,-1.47182933362109,0.549641890263357,-1.41833616454464,-0.694369134210817,0.316479442808137,0.399855186281045
2.33147551486333,-2.02700682580243,-0.722874306234827,-2.44082804435839,-2.17719782146987,-2.85076564653808,1.01244616792421,2.25961411214957,1.22449329716939,0.168036910613096,-0.0246674565028429,-0.515094341548972,-0.608115502454601
-1.08534392532211,0.172529139399469,0.615233081260408,1.21936818997823,-0.586954419073156,0.189096317739279,-2.35525115939259,-0.34326077785021,0.838105532906426,-2.96889167500003,-0.862034552348089,-0.205132323522287,0.0526031681452777
-1.67772053309401,-2.38450963090861,1.89755420544626,-2.0549967099479,2.80673954918314,-2.71999812797138,1.44959712842417,-0.974568155119748,-1.50951028900496,-0.177960241621681,-0.23322799569406,-0.122866674301213,0.1301617234939
2.36841590436475,-0.982761010148027,-0.0265448707425684,1.99104658241307,-1.17867510281011,-1.83291403967929,-1.82142006756135,-2.45684476300729,0.667087953409643,0.460836971212963,-0.317016848045944,0.942857098596774,0.240662433779012
-1.37059700636438,-0.301022647811775,0.187779884170877,-2.20572722406427,2.33332811761433,0.0359651708222433,-0.371771985019645,-2.52001234612973,-1.33183766234677,-0.944863508497058,-0.212345283714343,0.252980981429011,0.823118193441188
-1.15220245329936,-0.116621162134738,2.26672350937963,1.2813238616784,-2.77413994733974,3.05568928191572,2.75107628172784,0.334481730816337,1.23182120028297,2.22506473476963,0.286665962342121,0.343336793966531,-0.0826445014914694
2.93007548076644,0.468991842092335,0.202441364860207,2.94577407580756,2.89666971133021,1.63227687844075,-0.683898146685786,-2.16144226040326,-0.315337573748575,1.06563664633373,0.165008602493615,0.430332636754639,0.629824372030522
-2.70157819216164,-1.96110036659348,0.125777543207657,0.81060300736593,-1.2909010982075,0.390305047840789,-1.6269510155177,1.20083797912332,2.22285861992274,-0.321227790543554,-0.189899400890097,-0.462922824025536,-0.440632085262827
-0.19674351663833,-0.892400424728441,2.87669252317589,0.721459548283473,-1.67027700812633,-2.43773938566023,-2.87311285358207,2.20857856819452,0.231412795794577,0.0388044331162281,-0.197567723692464,-0.100071449938359,-0.233763602472585
1.86381287927521,1.98377361681159,2.56801449929311,-2.24007795161855,-1.26385464880953,-2.59633379210526,2.70640352293247,-3.00911029058813,0.800003148461805,-0.195463332467415,-0.175228008606693,0.093287628712502,0.419918280536467
-0.441156116437067,-3.12716544540844,1.14104808649033,-2.65489067073926,0.661208040417044,-0.776954727110509,1.775803750376,0.267677416761019,2.35514806043028,0.567736642827726,0.236839607247636,-0.208313379434543,-0.567221958371709
-1.18943497594518,0.0729627656070378,-3.11247541383128,1.52834556928861,-2.47259774277742,0.193442836177421,-1.55549448788546,1.09839359683556,-2.38091019990606,-0.423609422315338,-0.603543931944829,-0.00216688447864488,0.159220872481023
1.4795663911407,-0.0580281605770416,-0.743766915224869,-0.491927635201659,0.190076297150792,-2.03669791505729,-1.0744237219793,1.33813437397684,-0.46678428861291,-1.19404995518119,-0.494572803527912,0.346763326242599,-0.109281556331339
0.413867076207175,-1.65986675682928,-1.60708460649731,1.08526518770957,-0.726273118962823,0.863027256976556,-0.420574096561617,-0.735531132975544,2.2297865738947,-1.13364599327751,0.170073462159664,0.51900441628699,0.161627067829978
-1.76802759196207,-1.09697815461424,1.40666774082428,0.159653638253005,2.32014176808645,-1.04775775017844,2.21058821569843,-2.49598414461299,-1.52395293470266,0.181182697549816,-0.181760668257637,-0.168779436969685,0.591705185794071
-2.65998570475632,-1.41554916380754,-0.213449638937475,-1.52740288073132,-2.10643824633567,0.953209525870097,-2.95008122857655,1.06227741069384,1.48884544415924,1.38460566546994,0.0602456218359947,0.501649108754913,-0.570562192099214
0.665766654793074,1.74508976334124,2.99968181525391,-1.07329916562228,0.334439079086882,2.36392938415523,-3.09306942953207,1.79519576556598,-0.15273748825392,0.992686618093415,-0.00326935424716773,0.100790594997848,-0.239389976967946
0.691033454677339,0.734598994715439,-2.03259728829028,2.74015549735893,-2.64926600289703,0.210937914652423,1.23515187867717,-1.86508379923184,-0.891015303820979,1.05612160767574,-0.287573066234923,0.413171483894679,0.498550031930082
-1.04353623174694,0.966585028800758,1.62753728450459,-2.5247226308352,-1.69898551289628,2.88983486584276,2.80370746375781,0.97581050474194,0.362047964710556,-2.03774746966755,-0.586385268044704,-0.226491755482032,-0.422769194306798
-2.85665230661795,-2.14789367167508,-0.955707015633963,-1.38811165020608,1.79011566704486,-0.29356093807145,-2.89853884107709,-1.61154421410755,1.14831953767349,0.0298371161324472,-0.419050192672814,0.30702616979105,-0.0541479486072078
-2.63000879748302,-2.98618618188218,-0.809975687294085,0.356289734572618,2.25381051168609,-2.90791507934283,0.44897029578879,-0.172404913237042,0.582381236041551,0.398277220812808,-0.356592495059902,-0.0593777548551026,-0.167393397695126
0.826842565369069,1.36863962732072,2.13844330018114,2.05867639773966,2.43171994750034,1.9817623716773,1.78661172230674,-1.37433428345226,0.436266511574259,-1.31388656981441,-0.274916732314867,0.106809450143487,0.11728483682989
-0.395224666235071,-2.98810207282976,-1.61542884946243,0.52816537376354,1.72967847146926,2.87755421324093,1.18214237828764,1.01423702910203,2.50213340098872,1.10220527539455,-0.0259728617556632,0.0649888405898685,-0.0188754534483028
-1.8874153885251,-0.641955748118086,1.05659936011891,3.13709673091453,1.74732364511361,0.341541289089251,-2.730083597132,0.414766154614273,0.851455525786539,0.597326706647305,-0.16284849484183,0.317084353017119,0.178892369648494
-2.5027019982944,1.96698310700099,1.65699932936818,-0.292428317931726,1.7470296212057,0.655075615129604,-2.97108246710813,-1.19295878227615,2.63787557878069,0.681128736108005,0.764921496638404,0.396284186820808,0.141306409221814
-2.66589179141544,0.230408119812304,-1.32434958965468,-0.404026634422259,0.332680347618619,-2.95420447260479,2.57949552920123,-0.0676221202649668,0.4706424416566,0.744908635435888,0.301780818918134,0.288093450632306,-0.208160153506876
0.546073233005147,2.36142741480385,1.08526411222216,2.73276324549801,1.19564572169848,-1.06406431036393,-2.92569666130608,-2.55529292728452,0.589669837850282,-0.829569996495349,-0.500843191038688,-0.0408704127029183,-0.0223741465551759
1.86444148164045,-1.25641753853991,-0.0951336550063543,0.71192402031835,-1.99935878578911,-1.44622172111236,-0.706846891479973,-3.04216308268758,-0.0897433913392442,0.72821734536357,-0.11567395283508,1.12176673646237,0.314091305557942
1.88475759785886,-1.62366679474059,0.426565237808863,-0.0311954076264766,-0.548398256450091,2.4526140773208,-1.89288976778208,0.0703972662793148,-0.728304502658253,0.905204876642666,-0.466110680236257,0.0675345928906486,-0.36356756404541
3.12425483836722,0.127248213441052,-1.87736841958896,-2.31581084143399,-2.33230943820054,0.0316258286113927,-2.75657488428394,0.831638608695419,-0.0612355991945045,-0.767500610377893,-0.155190292536886,0.0472863278676783,-0.064743799895939
-3.03823845848272,-1.15058278617999,-0.26933773751673,-1.56145072440202,-1.47952630364524,-2.67304299367974,2.65094898481562,1.53736480773483,-0.427692026861363,-1.42262274608099,-0.832107408429769,-0.331542043432724,-0.156132380142324
-2.64190252401882,-1.3700459463332,-2.62533930690993,-1.54386687891104,-1.26982494865649,-1.08156991927727,-2.8291334554082,1.75544006993045,0.945787871165083,1.20579939136165,0.0918158076185627,-0.086943634766357,-0.356876868188863
-1.73490225103341,1.80463689745298,2.26650521807011,-2.18615457839347,-2.226331608781,0.481528235628732,1.62034054431365,-0.275256631261683,2.12927725297039,-0.260015190550337,0.384688766481286,0.336157259076783,-0.337419750458688
-1.84935006559198,2.25930630001651,-2.52274270228564,1.65185240109429,2.30013292408517,1.13833137982264,1.77674469908452,1.29930764889902,0.316225147920202,-2.30306372483467,0.0419171301098375,-0.564448335229263,0.0812609304752798
-0.324525198926582,0.121313164362263,1.40566427266847,1.02083186717177,2.33419139816614,-3.08996039414764,2.45363488674647,-1.3737709378674,-1.96174577546989,-0.891599872454565,-0.16796573296623,0.253457538409467,0.529910587185062
-1.32837444673188,-3.13786752870544,-2.78775777706316,-2.91622066460719,0.267473377800895,-1.59848447853437,-0.245514118797126,0.558391280620746,0.510600222895579,-0.307603328425164,-0.0718022659073463,0.0966638795649277,0.010005192724109
2.74818455021152,-2.39262173870997,2.73292747914211,2.239871307383,1.32259235468468,1.09605068370248,1.5488126666599,-0.278528225422219,0.801324662941354,0.993814871481498,0.0324022358258781,0.298897516186446,-0.053717271672988
2.75424277489586,2.89701558777592,-0.320365166515596,2.49106850500032,-1.07361993729584,0.765343516551765,-2.10781057026447,-0.63618443454591,-0.102230904570609,-0.0197954874502175,-0.190341248155105,-0.312179803153696,0.0256745458332394
-0.668400485431613,-2.81884701304732,3.0654459698011,-2.56759796674494,1.68601130560577,-0.429887644707592,2.52267586972415,2.38718562455378,-0.952479701534109,0.578139216503898,-0.239951160061634,-0.250149053846823,-0.0997634410815203
1.59082633624492,-2.4684149432433,2.26185349476189,2.41785745804919,1.8282603281935,-1.4599355971682,-1.84234982606899,1.48688167497128,-2.41612358376753,-0.0400656405019874,-0.335703588634951,-0.0214526687697171,0.211285719947694
3.13005467616565,1.80751513701712,-2.23706713977351,-1.53541765420571,-0.690337115373385,0.565795130003853,-0.385328334816907,-2.05436001023374,0.115312757300646,0.410109362778055,-0.205223708730167,0.368028975290135,-0.0419714521136886
-1.67253401303519,-3.02817326477607,-0.87128681756916,-1.41160990800297,-0.705713380037977,-0.714098863920919,3.1376705491579,-0.580684195377782,0.0709443138183253,-0.866509522583127,-0.211009130961241,-0.343033526856758,0.234038981283481
0.468531444144548,1.54222673356577,-2.07272003778647,2.37365773146771,-3.11030609769612,-2.96572006358073,-0.208331387912434,-0.278735247052835,1.35030323699697,0.296567553588,-0.253060119877958,0.101127081500713,-0.239050512489284
-3.07601990089554,-0.797062488707048,-1.25074549031799,-3.04675348332913,-3.07734594620112,-2.23781246683827,1.80831225520381,-1.17170776697509,2.27463702521121,-0.778112477690023,-0.227596415579379,0.347593904047586,-0.173139370525324
2.70018331243025,-0.117917213534738,2.26329335912798,1.83378340267368,-1.40015745992791,0.723246486214163,-0.544000263239481,0.404096853738451,0.750838062983315,0.913684456534699,-0.137521540210933,0.264202017778113,-0.141923419649575
2.3592870282611,0.0324146636607574,-1.06146233726002,1.57240687695715,-2.06335745265349,1.42549407148906,0.238219356584149,1.97411155134601,-1.91642263309925,-0.00421884448133569,-0.398202290766822,0.28329343334915,-0.349450977461271
-2.94313711375513,1.59213558492341,0.209370257982459,0.0864589649161461,0.844751714978893,-2.10148821879091,-1.18505684757073,-0.426476341044966,-1.27624461107916,2.44004143999782,-0.0187909471001807,-0.086564953106416,-0.381727814858645
-2.37016350126897,2.74100246093815,-2.67631466143417,1.30222773591071,2.22384834587023,0.0487241806690942,1.60002255647539,1.49896802530318,0.542569386727673,-1.82570291107785,-0.117562415532735,-0.572007316231044,0.00814336305380484
1.6313120528166,2.08323078140077,-2.41989509644037,-1.36030128637646,-1.77493293279867,0.183815553586782,-2.74849791596347,-0.986427592408849,1.45257554871158,1.22159014595396,0.161572985287846,0.221903086253943,-0.00804346616145645
-0.100030828279786,-1.03594783599594,-1.30037392415738,-0.466162063633504,-0.920147806218768,2.22903780483749,-1.17562767005363,-0.272998076309776,1.88177867250277,-0.831644980223706,-0.214257391836777,0.428961102173814,0.0426087243851482
2.64664931784746,-1.29482734568693,-0.901024240108959,-1.32591080435231,-3.08809495891798,2.51145129474427,-2.70509636848853,-0.163630760604165,-1.18376111664462,0.780317854314728,-0.337712438907882,0.511948514056937,0.114018788522228
-0.852004317002265,-2.2498215010626,1.52968855545255,2.50817410186798,-1.72809558244195,1.23803658821279,0.515652125799241,-1.43771678760357,-0.678575723647064,-1.25658821147769,-0.0361418352481115,-0.0163087069304241,-0.11060341365537
-0.730146065594605,1.4462274524444,-1.27892655053926,1.16945131146924,-2.95588127296284,-3.0376330817656,-1.97248441076217,-1.14512195359317,1.24204276811388,-1.8145746895523,-0.145598272858505,-0.0832992839202699,-0.546722457573263
-1.12755687696253,3.00041393454839,-1.48042303304867,-2.69100955791514,2.22513369453032,2.65346145454676,0.376674317512474,0.964441520503702,1.23693049436523,-2.65076521631253,0.244578376342763,-0.255826035555898,0.148126638962852
-2.13378626944647,-0.365243619665145,-1.65745639302851,-2.46885360304358,-1.3701005262651,1.49212440106637,-1.64918020757106,0.195195582616587,-0.781872222450174,0.912282364037054,-0.0905177257673387,0.307886302833133,-0.116172887165976
-1.68819722225978,1.89139437480669,0.661301596398916,-0.620184076843346,1.33533017443242,0.861822625837698,3.08652279902807,1.12265974848121,-2.36415191068689,-0.360718717446602,-0.932895172284154,-0.426798315666343,0.0954251136611774
2.79827669938678,-2.64045306130315,2.75030628036652,0.0210694089341853,-0.64758881659091,-0.900648061392302,-3.1103526246712,2.51358804151586,-0.410312171630915,1.77853964766652,-0.0368571074456851,-0.285849729133223,-0.239472107893504
2.62645249174888,1.41310031261796,-1.25826237185925,-2.04644440016888,0.200220669909085,2.53621879300519,2.66998772840421,-1.14297361984025,1.83773444106476,-0.493995047735428,0.144644626907943,-0.108758796677086,0.0780990983116594
-0.270284849168347,1.70299252447179,0.655872478142608,-1.98411103674951,-0.431247364754372,2.98649614322582,2.07592648745948,-0.66223903399893,-1.06458197262093,-2.6301896333858,-0.565120765527235,-0.915124254726119,0.280976942710904
1.11765487108675,-0.114037760251182,-2.10854748839492,2.25438884585251,-2.60970564513702,1.18325796578907,-0.0892000118600237,-1.49250347081464,0.216112801767682,-0.407755660557546,-0.366993740773707,0.337972276470651,0.304912661418767
1.60608646738171,1.53271971587252,1.60709386691204,-0.657622417513029,0.523867259495706,-2.85386018261483,-1.75339959852314,1.97101662936069,-0.871778828042853,-1.23796382562296,-0.457728280883612,0.273520152860572,-0.131889859389419
3.00131140915134,3.04012796966907,-2.8978955227099,-1.82571388910875,2.58375596032931,-2.5465651929559,0.887288606983208,2.15535938898675,-1.08645764726254,-0.229467236830563,-0.235022389466376,-0.14765727684693,0.0584605534272488
2.06951154818273,-2.99384828566704,-2.55552903063176,-1.56190979643964,-1.68053479227961,-1.43505887138855,1.29838186866868,-1.88638176638201,0.154393226072305,0.176812741218534,-0.0684183373595517,0.382852149249144,0.0775562034209098
-2.83341939502362,-2.50560801358076,1.13897469864201,3.07987694099773,0.803560400195152,-0.978390130774231,2.18615647479658,-0.861980757677978,0.757266056397506,0.48530109757343,-0.0996671279246504,-0.127156248699592,-0.107980629209154
1.0154746487476,-2.88530259192348,-1.67914828951862,1.9264138134023,0.0722370927835852,-0.730201964876675,-2.54641035435367,1.65707965336179,-0.716162833669722,1.32937880206321,-0.291583340515897,-0.46222066244217,-0.130278680952045
0.013368198864848,-2.16472005562194,-1.60478493263934,0.723867935218882,1.30147109701789,1.79941537469962,1.42750822533472,-1.4723717389192,-2.11124641629937,-1.78890225554339,-0.119533855542179,0.352912964420884,0.2019860415733
0.815549963591222,0.747917272788893,-0.606599642663835,0.384799803173976,-0.704840972984074,-1.30525649987812,0.993458723311898,0.243081923602667,-0.464460266391223,1.57951304863144,0.111865639178671,0.695742750036319,0.38431397693005
-1.01302948415604,2.57860761315569,2.24480723547663,-2.46486742036125,-2.19382243143776,1.96356289843711,2.82806053269675,0.229682108759505,0.768922960598992,-0.93759081267588,-0.128911505279096,-0.181924917419575,-0.370797135019725
0.215598606104566,-1.46233226143688,2.84687034689757,-2.7035645455813,-0.870823299017517,-2.47432416785303,1.85589595073393,0.0285978295490653,-0.888376289038624,-1.31312359191034,-0.228426430329482,-0.170174422737598,0.0572392870873864
-2.46758245436351,-1.14714372341768,-2.28076304397248,-0.64317606989183,0.0133523845556073,2.7764731820558,-0.148819645563364,-0.836059404869678,-0.367810827699189,-0.9097871024702,-0.390641713827287,0.296371237254556,0.0649949641843641
1.51078359644032,0.407346264027917,-0.580962582237383,-1.43869738725894,-2.64924287336213,1.11192625326822,1.65065079741007,1.81139231641432,-0.0449377828122177,-1.15953818304423,-0.376475740870458,0.154270360347237,-0.0988349094076234
-1.13279496513314,2.24181682004829,2.64113461969489,-2.47786791551465,0.960180474694681,-2.22108155936714,-0.578224555533504,0.863723091407817,0.816209170426876,-1.3475846839972,-0.100993228218174,-0.0959673179715203,-0.280596098782693
-0.194459819771717,1.21199294374094,1.58894714589002,0.868090032920458,3.00286585742131,2.37777597184726,-1.96671399741878,-1.27117138087579,-1.15365543548152,0.535198425535601,-0.23755432260362,0.400164415911597,0.486410254456498
2.85127055905297,-1.13296257738355,-2.18013618317682,1.86177610305196,2.83801889229056,-1.57108133221207,0.713586551517821,-0.466908715554993,-0.660879139345159,2.71799927762443,0.396002692891308,0.672103515065724,0.145319700516603
-1.11963501960413,-0.0247874524259575,2.68737914989778,-0.190261641116557,-1.86077858847312,0.171734255248057,-1.77737237892032,-0.195359675722076,-0.972752157968673,-0.185017184072311,-0.360281637936294,0.156613304444877,0.285410907189716
1.26718989613136,-1.47439431965994,-1.97653487724927,-2.68419687700874,-2.95870179679473,1.2406480066531,-1.35091917449078,-1.84338327851107,-1.90026890348829,0.272506993991726,-0.360802215925653,0.467417490029039,0.421696842359163
2.47971296624291,-0.930038556684593,-2.41471324260741,1.82244525898047,-1.51836462618915,-0.64290911531241,-3.13997986842142,-1.12034040377942,-0.0374379480487854,-0.706245489351697,-0.350014533810792,0.311569140813461,0.290290481784289
0.204092177508264,2.71539796498842,0.815277084535005,-3.02861114483231,1.38993174633367,1.80709532142232,3.01405153126646,1.45450486146046,0.477127318320501,-2.34962015980288,-0.0925404338616502,-0.910031150809592,0.114085967316237
-1.14539074971433,-3.10827568166057,-1.88712184778233,0.5255014580267,-1.34509503726327,-1.23021717543216,-1.00005836869069,-0.0774322604121204,0.474721081889666,2.8150763213262,-0.235975826553647,0.257440678534849,0.22309727400726
-1.75917978253578,2.00337690904746,-1.9520268025188,1.4535304355038,2.52513660532547,1.28163347683739,-0.206801801634478,0.0390367871845396,-1.51340348083552,0.851396297412652,-0.549256874581254,-0.000715568564451395,0.0827707704869415
-2.05853096012282,0.248461434544208,2.01972712987375,-1.44977755557648,-2.60112447828503,1.93656229705286,-2.87280721818356,1.58209001097883,0.908933982301355,1.32441139388745,0.215784662465005,0.318309884610813,-0.477774542009462
0.451938418012791,-0.381649778003385,-1.22078323436836,-0.21431963132217,-1.78863045060314,1.11108916882917,-1.22736124143637,-0.390953481814627,1.68391240959466,-1.84897509732879,-0.510815287337986,0.174393966277017,-0.0902668689246462
-0.0270707307153896,-0.981388476581958,-1.01144943091296,0.784685552287356,2.18771577121633,-2.72290303048802,0.204125274381706,2.26024650951657,-1.23012230300831,-0.320188132417172,-0.214565656181064,0.137946538046666,-0.422782336688475
-0.843340799663207,-1.96173432902949,-3.07915377353884,0.738864897049291,0.495822366885167,-1.0531787147917,1.27801458623812,-0.656430674684805,-0.690862946898205,2.74004970865083,0.171476586138359,0.516906492400273,0.285716448999419
-1.42441776022794,-1.7364441413459,0.731898397901341,1.77713949133466,-2.85786480144623,-1.57959277838231,0.497903142929383,-0.0357738952410299,1.37720698671745,-0.198730279459037,-0.117191317423707,-0.0938615853392229,0.101628210904756
0.546881003822735,1.2781738145557,-1.44830676951545,-2.1686249601027,1.95100840881249,-2.97066389350197,0.65226764127699,-0.575312699461388,0.15561060773687,1.44889096832269,-0.349084139574295,0.432899227455202,0.0781015900919758
0.902792520194801,2.00912934838697,2.66281839783614,2.69084012472491,1.4236606399119,0.452955067198935,2.49157053248802,2.29746047187887,-1.91319680030963,-0.531282198544587,-0.463386422880951,-0.20667595750074,0.0951368464201184
1.12124618849334,-2.14831216800619,2.67270267785511,0.863816114699114,2.80373358987593,1.24008988911759,0.136931655898189,-0.455293254705591,0.800873526369816,-1.77666257894064,-0.0146243844904919,0.0344432833259716,-0.0286214442170835
0.235990307295445,-0.970476154541756,-0.219188791278317,2.45303808026414,2.20898455615845,-2.22815939930667,-1.73493504441387,-1.13176612126651,-0.712964594642254,1.66315243650527,0.326680796401719,0.269008938458535,-0.012978805104405
-1.03074128356123,-0.678193706822621,0.723544391773452,-2.59860297853537,2.63561784840509,0.646761740253449,0.170714034348848,-1.72327422866669,1.10849135733119,-1.34110961364517,-0.236112001080819,0.18294571255154,0.415123713145418
-0.917333778178932,0.141649129129537,0.783978050230157,2.88707016389668,-1.32897372786931,-1.47258903684316,1.13683102000828,-0.317080128551636,0.919897254041161,1.02981839587672,0.342172001652741,0.629626343704405,0.10573994157439
0.980880331721101,-0.701070927459024,-2.97144194843671,1.70947007707204,2.70164542600685,-0.886504243316611,0.708690794236133,-1.50679599392846,-1.23261996856101,0.2143221613808,-0.163621971452584,0.381113936405912,0.401157678854722
-0.561611081364717,0.764780488849279,-1.33878916109617,0.93470096169543,-0.151718964868897,-2.29484837898561,-1.2963886753866,1.16853700725488,-0.429591526653369,1.05409136099272,-0.54169393038206,0.328642125701518,-0.224211543483932
-2.17831148540045,-2.30180853102865,0.968294722203371,-2.45661618037975,-1.74777604906384,0.68673737445315,-2.49708123380336,-0.706220209601554,-0.00244828888689672,-0.87580784533605,-0.214076595540828,-0.390198132529084,0.143814672243622
2.02355329021124,0.124006474321329,1.61003458529701,0.100767822495909,2.69238383120567,-3.10180019246209,-1.60286917760544,1.48337768356181,-0.327327410388077,-2.46142191766598,-0.603566289735516,-0.387589103809465,-0.322930418249239
1.2782934475932,0.244933306846589,-1.60634612129407,1.82580949046393,-1.01376087935875,1.16359408522894,2.28919489003811,-0.53450309862941,-2.56360675269748,-0.55636105390224,-0.0806696564668233,0.226258392866442,0.746748286245428
2.85375886733345,1.24641359206313,-2.41830189646759,1.142577053499,0.409240750476184,2.88797089718935,2.4039883251822,0.627249338923663,-1.15526978470581,-1.4509720729247,-0.110564055174081,-0.188627026436411,0.00679477468026533
-1.88481952380662,-0.343664773124251,0.964010091243173,-2.50878626594366,0.664864930381288,0.968693664622022,2.54223518641018,-1.25460213509343,-0.350245444137741,-0.442705334252443,-0.251269023907805,0.243734643236755,0.653761732433834
-1.86042169233864,-0.477272466947387,2.68031653713145,3.09769207689781,-0.655892441870238,-2.074299178581,1.42954771778228,1.68668067676064,-1.86701584787554,0.264975854093678,-0.156021392777184,0.0659055684376142,0.176370497315685
0.655276124111065,2.23559211621537,-0.33171182088442,2.04903444246939,-3.11845369905868,-2.02263698762702,2.82780410896574,2.66284675758248,-0.122984757803344,0.257345418808188,-0.46057299615279,0.00478732651834053,0.149400737342067
1.13138744595179,-1.38999513718111,0.523455824080788,-1.68225295449787,2.33860428927935,1.08256493924126,2.10302340344327,-0.985729321079471,-2.63004729068765,-0.0724812336424118,-0.792804433597228,0.478688286223221,0.141036585412653
-3.09061226710226,1.88440971694956,1.73118234456205,2.03844873488587,1.89755380043885,-2.61798200763255,-2.94866868670008,1.52354565025303,1.09764550560103,0.378576679815368,0.193756620287157,-0.00627469302640492,-0.281010024058956
-0.319899162403423,1.38522599991516,0.136796937217515,-0.0461172739472517,-2.43640133977642,-0.812087127803968,2.02549752934105,-0.916835651558467,-0.286001074009173,0.647163181184435,-0.484903852555847,0.524322386983502,0.271401521999824
3.04999260878969,-1.24811495269914,0.00436565146402802,1.2955779801882,2.76354440719978,2.69030175743274,0.246298292741813,-1.6161632780491,-0.761886331424893,-0.894719669636443,-0.703035302065791,0.0566320800264056,0.237571911909339
-2.25677437151103,1.94399084371271,-0.646625755869623,-2.345201438258,2.61839430834298,-1.1228522131884,-1.40343617784363,0.879206441470669,-0.612637673854516,-1.61766934926963,0.000943096696673459,-0.248648347283292,-0.0990232955638544
-0.589421483523417,0.490530210012088,1.34584182340332,-2.03251183975046,-0.539305399180047,0.883486079591918,0.0510592569110478,0.258393510344376,-1.84800321228585,-0.780147845434434,-0.567364330744665,0.488645368596364,0.230915982668834
-2.27055917903289,1.83664646550678,-0.248629429255529,-3.13419128218666,2.90332992928925,2.17713235226099,-0.386499429250929,-1.21200597082177,2.51365061398583,0.891272798791444,0.627619849762273,0.182598783855973,0.0507650012566822
-1.7407552873158,2.27019886868641,-0.122599340368102,0.788269033510699,2.49107563103844,2.8297879335385,-1.60502042063276,0.623194201472326,0.760531863403107,-0.672156828479782,0.00334456782356833,-0.372062255326139,-0.360360259518269
2.48246992899604,-1.97141713076236,0.13702829443057,-0.050859325827905,0.633603016133153,-1.97272500730651,-2.94109010993591,-0.562379140205864,-1.20042230378184,-1.62212682507576,-0.694293468946833,-0.39920645066504,-0.0677533602170715
0.664785024241123,1.07783553125815,-0.508677075457589,-1.56136268556409,-0.236946312799749,-2.43432386929111,0.683781488336722,0.541502037340776,-2.27606148672673,-1.4230947735036,-0.18165344228453,-0.0993534586617747,0.894203279476318
-2.99070961891861,0.121985958115825,0.68589995241851,0.628851680903817,1.78516105575212,3.06602339870096,-0.953765274788118,-0.925123344545123,-0.0650708759409913,-1.99439665448051,-0.765174024542598,0.159029791735099,0.108022376884562
-0.0659096022131813,2.72067094315785,-2.64246178882873,-2.71216931872273,0.718370883948024,1.57226360440887,2.81559335015233,-0.948174819250524,0.939864346603707,1.18218799032957,0.150623560263244,0.255313346347494,-0.0438111120798376
0.669349112549374,2.62608196218097,-1.108293746414,0.454362722450997,-2.59986037440001,2.80589265700145,-2.46934436154954,-2.56060156515159,-0.40647896772152,0.0108530786032413,-0.251148312807555,-0.0146088603036684,-0.18125979226443
-0.347251206152632,1.14693751880272,1.31026013401382,2.87632100135072,0.866242873509919,0.931167864041841,-2.43984677564662,-1.85016820639258,1.72686506584772,0.633219172171005,0.11336957214735,0.755263400661742,0.262721140848903
-2.98725224049091,1.16503928755488,-2.91307148736207,2.15165770423414,-0.262042494243772,0.793029032301651,-3.09206059770751,-0.172395273842283,0.42136529535362,-1.0403491718175,-0.0988384504957986,-0.0881008290364393,0.0201843996013709
0.327424092946781,1.01728170853489,3.03862088368131,0.871152850327496,1.9928526835996,-1.25766893323732,0.729993144035459,0.0867123439540513,-1.34114519864284,-0.00473906749856648,-0.208210691010293,0.154789287162816,0.301578829533984
-2.28757037462753,-0.967799891642885,1.74630454515519,2.77180274512976,0.995866783388671,0.367798277949502,0.984932025338475,-0.467523918716771,0.938152899614882,-1.66086159867405,-0.173091503096266,-0.289745061677291,0.0156489421583369
2.24355427986549,0.501269807295119,-2.06545210629156,-2.15739679772563,-2.20713095084056,-2.38174026740499,-1.30795979435925,-1.90760953290774,0.806957527406523,-2.09466441899316,-0.14029670083766,0.0415808138789679,0.0750364018127742
2.54043343134403,-2.08654623325048,-1.75198310701225,-2.45034020336688,-2.91747869468384,1.86338447108399,-0.72167681375119,-2.00833545617379,-1.21751558415855,2.04902369193977,-0.0908120075368591,0.647609460737315,0.502740650024161
0.956742015986088,-2.35125894385871,1.2395688059306,2.77154918500974,-0.230447604711151,2.47524126631069,-2.19930791688801,0.989383781990973,1.70572221466072,0.346338544501038,-0.0173286131233804,-0.4046373760703,-0.144693466439949
2.68447466152521,-0.312229434135353,-2.29246884037438,1.86929449430606,-2.4354702884288,1.66331046883981,-2.78394884228473,-2.36126101920895,-1.35460593534736,-0.0816750193352605,-0.0934138078878854,0.289897023353098,0.611636515591901
-0.279221994225857,1.01778630225651,-2.68495116172477,2.59263284804758,-1.56898122705536,-0.694209686912717,-3.04184780636728,2.06715504802001,-1.17848121239707,0.775527593907349,-0.392110315750915,-0.145588104700747,-0.0414100747703867
-2.92416790617104,-0.263785773747813,-1.57999247218541,-0.459130675185472,2.26357418266109,-0.601994728319639,-2.52967469687073,-1.40875253412443,-2.20001210598759,0.652750976436372,-0.216890662497942,0.50204136667579,0.300532865445029
1.3749307440507,1.56624966496289,0.362593280417918,0.395902043263581,3.11270828952512,-0.220044500775616,2.94422256047069,0.318213697603142,1.72031813659116,1.13454308917755,-0.0521886513775352,0.367070097402104,0.130587224937275
2.63808444123005,0.828297656248706,-0.26772178199853,2.58356777798014,-1.83000639266569,-0.955116248557918,2.59604420918239,-0.586382865527535,0.0894507062909964,-0.721141290081037,-0.0618180063493277,0.344858674778683,0.389322122911764
2.22549475475613,-2.19733531291129,-2.35685867270282,-1.73241994737845,-0.0879232273765683,-1.62532446858196,0.877519233854033,-0.504417365963721,-1.01990023496971,0.579652219213895,-0.224884523120223,0.383259778732838,0.15701055485542
2.11714679974634,-2.2950151265276,-3.00002920526554,-1.46980907087659,1.68995547822567,1.21974148400461,2.4528116595542,-0.747215480916801,-0.232380733852618,-1.87803143354078,-0.215394771440903,-0.13305512564849,0.0968578397925152
-0.242392315481569,2.67592963149445,-0.600343031877163,2.22910207028838,-1.27942520502371,1.2931430926874,0.631909949166393,-1.97597651951832,-0.316963307183221,-0.100522776688661,-0.327432635818334,0.103332786071617,-0.332566664726198
0.195022500042736,-2.79592213910322,-0.543435784587848,-0.727772021871117,-0.947173443931447,-0.116256386756984,-1.49455619330172,0.161434238519488,1.03997786052242,1.47738034974034,-0.00910066381827517,-0.267819819210307,0.136974461717331
1.47457350057511,3.04535050902121,-2.40647279606508,-1.87368845189807,-2.31321053554461,-1.38406407571773,-2.34499432202765,-0.82322535398226,1.64820549997053,0.624235142330636,0.115792040013611,0.237707502338062,-0.0756273053452549
-1.09665926624841,2.64351303428946,-1.82951927679032,-2.01207098995213,0.956434114955025,-2.58486159653635,1.09350773169038,2.15801285903006,-0.0748653185098739,-0.481202214964872,-0.0441753539327878,-0.19974441421386,0.147488211084388
2.35905629994262,-1.5949518377857,-0.0773314720458109,0.825451384018887,1.06408054384152,1.10704834558693,-2.53952521012577,1.89694118031442,-1.08524773194245,-0.310768967605183,-0.773820510403401,-0.579728333118548,-0.0899533994686341
1.55970211619767,0.798809600973604,-0.31360748891789,-1.9473909255003,1.2957865027964,1.7276748916,-0.931869769056352,-0.455205423809099,0.364804602483687,0.201597180793079,-0.28214487786059,0.334457571547291,0.450321705134534
-0.560269932787254,1.82573336426023,-0.876606808786486,2.76032884082771,3.05780026725584,2.41197821177875,0.518752898394267,-0.162546308292063,-0.888149386650325,0.11411433057022,-0.608071758331676,0.0339158366426013,0.00819051165883455
0.935578052409376,-2.11275292983565,1.06094149367774,2.57138838782953,1.38429601464851,1.1048046401136,-2.07104930125286,1.50010106234719,1.55296873026086,-1.73994373712044,0.296653700646377,-0.516242131955529,0.0727132417922223
