0.0307988876247534 0 0 0.0307988876247534 -0.00220639350331033 0.0227004408733465 0.0227004408733465 -0.00220639350331033
0.0281145561750184 0 0 0.0281145561750184 -0.00552126837052092 0.0268075367528487 0.0268075367528487 -0.00552126837052092
0.0239525366721856 0 0 0.0239525366721856 -0.000268364491105209 0.0225872796699745 0.0225872796699745 -0.000268364491105209
0.0260285424980922 0 0 0.0260285424980922 0.00368563486523914 0.0247412056741382 0.0247412056741382 0.00368563486523914
0.02698515978258 0 0 0.02698515978258 -0.00352751248489843 0.0233138178650842 0.0233138178650842 -0.00352751248489843
0.029630970849891 0 0 0.029630970849891 -0.00458960853088298 0.0291411238674154 0.0291411238674154 -0.00458960853088298
0.023539656040911 0 0 0.023539656040911 0.000411047721452128 0.0235362428653081 0.0235362428653081 0.000411047721452128
0.0258967171584761 0 0 0.0258967171584761 0.000200900030120329 0.0225776440127562 0.0225776440127562 0.000200900030120329
0.0227605033055292 0 0 0.0227605033055292 -0.000134921515030599 0.0225975225514843 0.0225975225514843 -0.000134921515030599
0.0250662778883976 0 0 0.0250662778883976 -0.000292082006968873 0.0225828496862054 0.0225828496862054 -0.000292082006968873
0.0279644455976264 0 0 0.0279644455976264 0.00250144606129311 0.022842056429081 0.022842056429081 0.00250144606129311
0.0287238206801519 0 0 0.0287238206801519 0.00220363273715308 0.0286309353720742 0.0286309353720742 0.00220363273715308
0.0243146467770913 0 0 0.0243146467770913 0.000300727493992381 0.0243422917382756 0.0243422917382756 0.000300727493992381
0.0249451450957247 0 0 0.0249451450957247 0.00167296015181934 0.0228872301611087 0.0228872301611087 0.00167296015181934
0.0257287779740559 0 0 0.0257287779740559 -0.00049561854152352 0.0257542968331564 0.0257542968331564 -0.00049561854152352
0.0252208633780391 0 0 0.0252208633780391 0.00283507694786576 0.024074926843364 0.024074926843364 0.00283507694786576
0.025149776907952 0 0 0.025149776907952 0.00175242380165008 0.0228855720746062 0.0228855720746062 0.00175242380165008
0.0254918805836319 0 0 0.0254918805836319 -0.00260449859261354 0.0232530994636801 0.0232530994636801 -0.00260449859261354
0.0252716240650109 0 0 0.0252716240650109 -0.002512386760883 0.023287721324773 0.023287721324773 -0.002512386760883
0.0225681956051331 0 0 0.0225681956051331 2.80204025640387e-05 0.0225848587373138 0.0225848587373138 2.80204025640387e-05
0.0250745104011033 0 0 0.0250745104011033 0.00264865713544756 0.024079526241609 0.024079526241609 0.00264865713544756
0.029570179712405 0 0 0.029570179712405 0.00717443411657089 0.0279337268700145 0.0279337268700145 0.00717443411657089
0.0235939968244952 0 0 0.0235939968244952 0.00095763059138252 0.0228623102417436 0.0228623102417436 0.00095763059138252
0.0240530759567694 0 0 0.0240530759567694 -0.000256934461734982 0.0240817814487166 0.0240817814487166 -0.000256934461734982
0.0238878824114605 0 0 0.0238878824114605 0.000791869566852466 0.0226981205045926 0.0226981205045926 0.000791869566852466
0.0302335414291626 0 0 0.0302335414291626 -0.00895624033974725 0.0271667609723025 0.0271667609723025 -0.00895624033974725
0.0243933602780364 0 0 0.0243933602780364 -0.00174938430853349 0.0239146256914309 0.0239146256914309 -0.00174938430853349
0.0291031062057519 0 0 0.0291031062057519 -0.00649035952536799 0.0243591813519342 0.0243591813519342 -0.00649035952536799
0.0236790842426852 0 0 0.0236790842426852 -0.000378645916995571 0.0226062772577581 0.0226062772577581 -0.000378645916995571
0.022904205374539 0 0 0.022904205374539 0.000361708393145942 0.0227221356459707 0.0227221356459707 0.000361708393145942
0.0235789973484704 0 0 0.0235789973484704 -0.000951844510492893 0.0233351384934273 0.0233351384934273 -0.000951844510492893
0.0232609218016934 0 0 0.0232609218016934 -6.83182402408921e-05 0.0225764409414779 0.0225764409414779 -6.83182402408921e-05
0.0253114947801236 0 0 0.0253114947801236 0.00037679848051361 0.0253413877186112 0.0253413877186112 0.00037679848051361
0.0273313034857109 0 0 0.0273313034857109 -0.00114541641419416 0.0226372599303104 0.0226372599303104 -0.00114541641419416
0.0241752764338678 0 0 0.0241752764338678 -0.00034259342385793 0.0241978351766353 0.0241978351766353 -0.00034259342385793
0.026033205749846 0 0 0.026033205749846 -0.00348279658998005 0.0250486851001527 0.0250486851001527 -0.00348279658998005
0.0229582906883747 0 0 0.0229582906883747 -0.000376562398930021 0.0228825614027469 0.0228825614027469 -0.000376562398930021
0.0248222187448419 0 0 0.0248222187448419 0.00220389098607498 0.0232861862208656 0.0232861862208656 0.00220389098607498
0.0288873081383156 0 0 0.0288873081383156 -0.00542349910767452 0.0237618904343575 0.0237618904343575 -0.00542349910767452
0.0227563010776924 0 0 0.0227563010776924 0.000207315241757381 0.0227192983597013 0.0227192983597013 0.000207315241757381
0.0227930054055038 0 0 0.0227930054055038 -0.000236896825004588 0.0227510565142852 0.0227510565142852 -0.000236896825004588
0.0248941366319221 0 0 0.0248941366319221 -0.000462288679128645 0.0225965507392844 0.0225965507392844 -0.000462288679128645
0.0228733148162256 0 0 0.0228733148162256 -0.000332063900616362 0.0227125673321492 0.0227125673321492 -0.000332063900616362
0.0236829112927595 0 0 0.0236829112927595 -0.000455917079305102 0.0226208235414953 0.0226208235414953 -0.000455917079305102
0.0242349636818713 0 0 0.0242349636818713 -0.00172270930434709 0.0236195045270164 0.0236195045270164 -0.00172270930434709
0.023403580038339 0 0 0.023403580038339 -0.000703660816110805 0.0232722258222727 0.0232722258222727 -0.000703660816110805
0.022923070090233 0 0 0.022923070090233 0.000287272131124283 0.0228973549899615 0.0228973549899615 0.000287272131124283
0.0236283983502204 0 0 0.0236283983502204 0.000161235615938332 0.0236607791312869 0.0236607791312869 0.000161235615938332
0.0272074721974125 0 0 0.0272074721974125 0.00260491521167519 0.0269573009233822 0.0269573009233822 0.00260491521167519
0.0234662960378038 0 0 0.0234662960378038 -6.80144058542648e-05 0.0225760712002103 0.0225760712002103 -6.80144058542648e-05
0.0250251641711975 0 0 0.0250251641711975 -0.00255991145873631 0.0241320257885175 0.0241320257885175 -0.00255991145873631
0.0276897137109309 0 0 0.0276897137109309 -0.00574425919551777 0.0253894698469477 0.0253894698469477 -0.00574425919551777
0.0238335641779377 0 0 0.0238335641779377 0.000282994886918299 0.0238574919769918 0.0238574919769918 0.000282994886918299
0.0245319864017744 0 0 0.0245319864017744 9.2845831082471e-05 0.0245704439902506 0.0245704439902506 9.2845831082471e-05
0.0234767928420833 0 0 0.0234767928420833 0.000860782946737263 0.0228412594540918 0.0228412594540918 0.000860782946737263
0.0227324334442832 0 0 0.0227324334442832 0.000152708552225096 0.0227323479542689 0.0227323479542689 0.000152708552225096
0.0264938772609799 0 0 0.0264938772609799 0.00374693323590878 0.0236401650688546 0.0236401650688546 0.00374693323590878
0.022986079171774 0 0 0.022986079171774 -0.00013786300701074 0.0230124567332804 0.0230124567332804 -0.00013786300701074
0.0257373301350193 0 0 0.0257373301350193 -0.00236324268794065 0.0230418200955523 0.0230418200955523 -0.00236324268794065
0.0240216438370493 0 0 0.0240216438370493 0.000869448405801805 0.0227095168038466 0.0227095168038466 0.000869448405801805
0.0304044520643498 0 0 0.0304044520643498 -0.00909677287079061 0.0275092821122321 0.0275092821122321 -0.00909677287079061
0.0265102926181688 0 0 0.0265102926181688 -0.00430552188364587 0.0244393028171903 0.0244393028171903 -0.00430552188364587
0.0242765979311062 0 0 0.0242765979311062 -0.00103728770989318 0.0227378551879333 0.0227378551879333 -0.00103728770989318
0.0247995631107024 0 0 0.0247995631107024 0.000204426220705539 0.0248354003527214 0.0248354003527214 0.000204426220705539
0.0231678812138535 0 0 0.0231678812138535 0.000369077575913448 0.0231479434498419 0.0231479434498419 0.000369077575913448
0.0235139530666632 0 0 0.0235139530666632 -0.000345474041881427 0.0226056802459593 0.0226056802459593 -0.000345474041881427
0.0257657023281402 0 0 0.0257657023281402 0.00328226214655056 0.0247545091354407 0.0247545091354407 0.00328226214655056
0.0226209392660601 0 0 0.0226209392660601 -2.11025961658933e-05 0.0226559111749693 0.0226559111749693 -2.11025961658933e-05
0.0242736230450224 0 0 0.0242736230450224 0.0017436016153167 0.023682702294191 0.023682702294191 0.0017436016153167
0.0228654595163654 0 0 0.0228654595163654 0.000144787321691322 0.0228856779810381 0.0228856779810381 0.000144787321691322
0.0268898478048985 0 0 0.0268898478048985 0.00447998517114025 0.0240821885792473 0.0240821885792473 0.00447998517114025
0.0279759331959823 0 0 0.0279759331959823 -0.00597755696954396 0.0248920504693632 0.0248920504693632 -0.00597755696954396
0.0266053002970477 0 0 0.0266053002970477 -0.00436968067195246 0.0243314592845079 0.0243314592845079 -0.00436968067195246
0.0232503183093821 0 0 0.0232503183093821 0.00064239319508707 0.0227690103349027 0.0227690103349027 0.00064239319508707
0.0229669903236344 0 0 0.0229669903236344 -0.000426716628337458 0.0228270708137761 0.0228270708137761 -0.000426716628337458
0.0243362868379432 0 0 0.0243362868379432 -0.00160614671701505 0.0239502437050978 0.0239502437050978 -0.00160614671701505
0.0226751533342848 0 0 0.0226751533342848 0.000104617151252875 0.0226874778081887 0.0226874778081887 0.000104617151252875
0.0229179805690059 0 0 0.0229179805690059 -0.000177025151119974 0.0229334704825868 0.0229334704825868 -0.000177025151119974
0.0231965225686162 0 0 0.0231965225686162 -0.000536043187571515 0.0227089657201888 0.0227089657201888 -0.000536043187571515
0.0231946360495785 0 0 0.0231946360495785 0.000666581546795024 0.0229028478758744 0.0229028478758744 0.000666581546795024
0.0252935733725292 0 0 0.0252935733725292 -0.00285018421318745 0.0243076085962714 0.0243076085962714 -0.00285018421318745
0.025037448717607 0 0 0.025037448717607 0.00209588841161204 0.0246079856510308 0.0246079856510308 0.00209588841161204
0.0260135284292072 0 0 0.0260135284292072 0.00320122485738648 0.0234566391264931 0.0234566391264931 0.00320122485738648
0.0249300931992391 0 0 0.0249300931992391 0.00136257359018403 0.0227738217621976 0.0227738217621976 0.00136257359018403
0.0231618758751913 0 0 0.0231618758751913 0.000445626921544162 0.0231096318709744 0.0231096318709744 0.000445626921544162
0.0241014971099122 0 0 0.0241014971099122 -0.000517185034092337 0.0241005330165294 0.0241005330165294 -0.000517185034092337
0.0237476659363966 0 0 0.0237476659363966 -0.000769530103738468 0.0227078220003659 0.0227078220003659 -0.000769530103738468
0.0234965086449729 0 0 0.0234965086449729 0.000784427474755641 0.0227703589770205 0.0227703589770205 0.000784427474755641
0.0261877478421943 0 0 0.0261877478421943 -0.00192598876506143 0.0228240965505583 0.0228240965505583 -0.00192598876506143
0.0234465469072093 0 0 0.0234465469072093 0.000393299649434018 0.0234421181510343 0.0234421181510343 0.000393299649434018
0.0245818579941628 0 0 0.0245818579941628 -0.000898110760527168 0.0226734622827562 0.0226734622827562 -0.000898110760527168
0.0283707527277904 0 0 0.0283707527277904 -0.00578609208858092 0.0242282477038177 0.0242282477038177 -0.00578609208858092
0.0242986839690305 0 0 0.0242986839690305 -0.000943442102000863 0.0227053007420953 0.0227053007420953 -0.000943442102000863
0.0254121193436381 0 0 0.0254121193436381 -0.00160947570773958 0.0252493795770104 0.0252493795770104 -0.00160947570773958
0.0264175217970581 0 0 0.0264175217970581 -0.00400019373920861 0.0239702491964021 0.0239702491964021 -0.00400019373920861
0.0252754349155687 0 0 0.0252754349155687 0.00209281136538804 0.0230151119792273 0.0230151119792273 0.00209281136538804
0.0227688048098409 0 0 0.0227688048098409 -0.000200904538089417 0.0227477598069402 0.0227477598069402 -0.000200904538089417
0.0227085749272629 0 0 0.0227085749272629 -3.08834741702801e-05 0.0227436568158673 0.0227436568158673 -3.08834741702801e-05
0.023065506459931 0 0 0.023065506459931 0.000378883890454399 0.023025356117689 0.023025356117689 0.000378883890454399
0.02402577867108 0 0 0.02402577867108 -0.00024416709546197 0.0240552266061072 0.0240552266061072 -0.00024416709546197
0.0238582383184416 0 0 0.0238582383184416 -0.00101589962681289 0.0236803798078561 0.0236803798078561 -0.00101589962681289
0.0229369416371624 0 0 0.0229369416371624 -0.000399463241131185 0.0227508753348459 0.0227508753348459 -0.000399463241131185
0.023738614558578 0 0 0.023738614558578 0.00119376880362191 0.023031134575924 0.023031134575924 0.00119376880362191
0.0228915891448602 0 0 0.0228915891448602 -0.000282784380984666 0.0226445216610694 0.0226445216610694 -0.000282784380984666
0.0236266207056115 0 0 0.0236266207056115 -0.00111448666340811 0.0231547081276817 0.0231547081276817 -0.00111448666340811
0.0267620960303036 0 0 0.0267620960303036 -0.00108057752435672 0.0226387389264526 0.0226387389264526 -0.00108057752435672
0.0231796968362604 0 0 0.0231796968362604 0.000507091574275354 0.0230986691806086 0.0230986691806086 0.000507091574275354
0.0237835456704458 0 0 0.0237835456704458 0.00126442981609564 0.0233073659844056 0.0233073659844056 0.00126442981609564
0.0234773463214365 0 0 0.0234773463214365 -0.000944122527460508 0.0229650193906799 0.0229650193906799 -0.000944122527460508
0.025644881703058 0 0 0.025644881703058 -0.00149780833224891 0.0255289850715753 0.0255289850715753 -0.00149780833224891
0.0241528797081055 0 0 0.0241528797081055 0.00163682783524903 0.0232256966056439 0.0232256966056439 0.00163682783524903
0.0249674991524446 0 0 0.0249674991524446 -0.000616187163663827 0.0249736647979251 0.0249736647979251 -0.000616187163663827
0.0261255381219513 0 0 0.0261255381219513 -0.00129229629004885 0.0226853911510729 0.0226853911510729 -0.00129229629004885
0.0229923695955403 0 0 0.0229923695955403 -0.000112572608270459 0.0225818578593556 0.0225818578593556 -0.000112572608270459
0.0236790127059815 0 0 0.0236790127059815 0.00116960920283771 0.0231817336003451 0.0231817336003451 0.00116960920283771
0.0231470311543958 0 0 0.0231470311543958 -0.000102466409238152 0.0225791294722363 0.0225791294722363 -0.000102466409238152
0.023652678429628 0 0 0.023652678429628 -0.000103173454528329 0.0236884512550828 0.0236884512550828 -0.000103173454528329
0.0246012316840689 0 0 0.0246012316840689 -0.000224728111522491 0.0225807092678324 0.0225807092678324 -0.000224728111522491
0.023666793827272 0 0 0.023666793827272 -0.00032585025301674 0.0225982283506697 0.0225982283506697 -0.00032585025301674
0.0227633295213586 0 0 0.0227633295213586 0.000153158084434392 0.0227702962246067 0.0227702962246067 0.000153158084434392
0.0225484001485191 0 0 0.0225484001485191 -8.72167401702531e-06 0.0225775313012589 0.0225775313012589 -8.72167401702531e-06
0.028871169068348 0 0 0.028871169068348 0.00470570021007534 0.023428607598569 0.023428607598569 0.00470570021007534
0.0240262265803456 0 0 0.0240262265803456 0.00126602393811682 0.0237514085647673 0.0237514085647673 0.00126602393811682
0.024235842978974 0 0 0.024235842978974 -0.00165787913863641 0.0231483321494842 0.0231483321494842 -0.00165787913863641
0.0228357758562209 0 0 0.0228357758562209 -0.00029012003807058 0.0227611920573203 0.0227611920573203 -0.00029012003807058
0.0273508349658828 0 0 0.0273508349658828 -0.00533428132011488 0.0250807100553102 0.0250807100553102 -0.00533428132011488
0.0226241499809651 0 0 0.0226241499809651 8.56625646868107e-05 0.0226201819637281 0.0226201819637281 8.56625646868107e-05
0.0225828148857388 0 0 0.0225828148857388 3.72535004848549e-05 0.0226089388315523 0.0226089388315523 3.72535004848549e-05
0.0228446180202961 0 0 0.0228446180202961 0.000307091512246401 0.022713736792744 0.022713736792744 0.000307091512246401
0.0268451376955154 0 0 0.0268451376955154 0.00130858692010796 0.0226670621468046 0.0226670621468046 0.00130858692010796
0.0251486866123411 0 0 0.0251486866123411 -0.00246614980459935 0.0233195364118373 0.0233195364118373 -0.00246614980459935
0.0226743968209658 0 0 0.0226743968209658 9.85904928987972e-05 0.0226898624444969 0.0226898624444969 9.85904928987972e-05
0.0229460268504222 0 0 0.0229460268504222 -4.88302375766829e-05 0.0229814597898738 0.0229814597898738 -4.88302375766829e-05
0.0231969979481196 0 0 0.0231969979481196 -0.000668880813363178 0.022914160231826 0.022914160231826 -0.000668880813363178
0.0231368350452688 0 0 0.0231368350452688 1.17201436131333e-05 0.0225749066423815 0.0225749066423815 1.17201436131333e-05
0.0250272981076617 0 0 0.0250272981076617 0.00263000352445084 0.0238361259452333 0.0238361259452333 0.00263000352445084
0.022863993835408 0 0 0.022863993835408 0.000247859214169027 0.0226313079815519 0.0226313079815519 0.000247859214169027
0.0271523588202679 0 0 0.0271523588202679 -0.00367861163204898 0.0233467661450815 0.0233467661450815 -0.00367861163204898
0.0243377275795904 0 0 0.0243377275795904 0.00170267051757008 0.0231140810413072 0.0231140810413072 0.00170267051757008
0.0256304517794741 0 0 0.0256304517794741 -0.000894298248541665 0.0226363322906869 0.0226363322906869 -0.000894298248541665
0.0241694660431678 0 0 0.0241694660431678 -0.000375995885372831 0.0225959861785062 0.0225959861785062 -0.000375995885372831
0.0234147313147962 0 0 0.0234147313147962 -0.00043027577050139 0.022629922031739 0.022629922031739 -0.00043027577050139
0.026722543962962 0 0 0.026722543962962 -0.00281171438270181 0.0230521912262899 0.0230521912262899 -0.00281171438270181
0.0234835668630246 0 0 0.0234835668630246 -0.000840095193334252 0.0232855177100449 0.0232855177100449 -0.000840095193334252
0.0252700787598291 0 0 0.0252700787598291 -0.00285132381588034 0.0237273338613401 0.0237273338613401 -0.00285132381588034
0.0230686288386161 0 0 0.0230686288386161 -0.000506096064742539 0.0227528005070621 0.0227528005070621 -0.000506096064742539
0.0249067449491649 0 0 0.0249067449491649 0.0012882022344041 0.0247842309565827 0.0247842309565827 0.0012882022344041
0.0243026547091504 0 0 0.0243026547091504 -0.00154389156525657 0.0239478884503043 0.0239478884503043 -0.00154389156525657
0.0234209654040506 0 0 0.0234209654040506 -0.000624519758709278 0.022700273187203 0.022700273187203 -0.000624519758709278
0.0238913097006749 0 0 0.0238913097006749 0.000175921112087707 0.0239244363762964 0.0239244363762964 0.000175921112087707
0.0240881402991935 0 0 0.0240881402991935 -0.00160509566666859 0.0233503857611348 0.0233503857611348 -0.00160509566666859
0.0286964358344713 0 0 0.0286964358344713 -0.00547338164827397 0.0238536874594569 0.0238536874594569 -0.00547338164827397
0.0247169145508808 0 0 0.0247169145508808 0.000889672261161643 0.0226647334341724 0.0226647334341724 0.000889672261161643
0.0228196188874268 0 0 0.0228196188874268 -0.000197110769657264 0.0226147457501433 0.0226147457501433 -0.000197110769657264
0.0227023451321459 0 0 0.0227023451321459 -0.000126702948987026 0.0226046074632604 0.0226046074632604 -0.000126702948987026
0.0233368025612933 0 0 0.0233368025612933 0.000733327738390657 0.02315049609089 0.02315049609089 0.000733327738390657
0.023891711274687 0 0 0.023891711274687 -0.00112641494682439 0.0228587800126341 0.0228587800126341 -0.00112641494682439
0.0290046184708298 0 0 0.0290046184708298 0.00647582009199906 0.0275297739035522 0.0275297739035522 0.00647582009199906
0.0246605374389557 0 0 0.0246605374389557 0.00127819963476767 0.022775809018782 0.022775809018782 0.00127819963476767
0.0247619870632023 0 0 0.0247619870632023 0.00159448551488534 0.0245140483484547 0.0245140483484547 0.00159448551488534
0.0246030869292886 0 0 0.0246030869292886 0.00210562602048776 0.0233949301472964 0.0233949301472964 0.00210562602048776
0.02302456932972 0 0 0.02302456932972 -0.000323947582247227 0.0230019049115402 0.0230019049115402 -0.000323947582247227
0.0237444677722006 0 0 0.0237444677722006 -0.00118638811386335 0.0233616262764094 0.0233616262764094 -0.00118638811386335
0.0246521904931807 0 0 0.0246521904931807 0.00214898143770493 0.0233971345141572 0.0233971345141572 0.00214898143770493
0.0259018500210685 0 0 0.0259018500210685 -0.00320026912445378 0.0235191618063411 0.0235191618063411 -0.00320026912445378
0.0226129949081725 0 0 0.0226129949081725 -4.12509492329748e-05 0.022643117550824 0.022643117550824 -4.12509492329748e-05
0.022619128191824 0 0 0.022619128191824 6.50562452291439e-05 0.0225912988404288 0.0225912988404288 6.50562452291439e-05
0.0237625741690773 0 0 0.0237625741690773 -0.00017020445860425 0.0237952647835271 0.0237952647835271 -0.00017020445860425
0.0243011458810147 0 0 0.0243011458810147 0.00137925483976254 0.0228852213154463 0.0228852213154463 0.00137925483976254
0.0231357483034178 0 0 0.0231357483034178 0.000408628641845807 0.0226539627390171 0.0226539627390171 0.000408628641845807
0.0243306239281662 0 0 0.0243306239281662 -0.000113778919467063 0.0225765858361517 0.0225765858361517 -0.000113778919467063
0.0245678446431628 0 0 0.0245678446431628 -0.000377641681587318 0.0225917648399569 0.0225917648399569 -0.000377641681587318
0.0237303493762447 0 0 0.0237303493762447 0.00117789653855513 0.0230146210784065 0.0230146210784065 0.00117789653855513
0.022683099145492 0 0 0.022683099145492 -0.000121132933760087 0.0226871319600769 0.0226871319600769 -0.000121132933760087
0.023229288212889 0 0 0.023229288212889 0.000651496129066541 0.0227937672303091 0.0227937672303091 0.000651496129066541
0.0243141369286138 0 0 0.0243141369286138 0.00170170496772202 0.0238252299433091 0.0238252299433091 0.00170170496772202
0.0248143820232166 0 0 0.0248143820232166 0.00162302793172374 0.0228896535438559 0.0228896535438559 0.00162302793172374
0.0253002937571989 0 0 0.0253002937571989 0.00129016941455847 0.0227237150921659 0.0227237150921659 0.00129016941455847
0.02452984487285 0 0 0.02452984487285 -0.00149217785235148 0.0228876057126188 0.0228876057126188 -0.00149217785235148
0.0229929530009619 0 0 0.0229929530009619 5.46244479253869e-05 0.0225764787573385 0.0225764787573385 5.46244479253869e-05
0.0241031714018323 0 0 0.0241031714018323 0.00158864864799522 0.0232143146474102 0.0232143146474102 0.00158864864799522
0.0246735151795963 0 0 0.0246735151795963 0.00207288257665836 0.0240691028430895 0.0240691028430895 0.00207288257665836
0.0255825608149329 0 0 0.0255825608149329 0.00180110951076676 0.0228451249706554 0.0228451249706554 0.00180110951076676
0.025048061036388 0 0 0.025048061036388 0.00052261456804054 0.0250649021248422 0.0250649021248422 0.00052261456804054
0.0251900977618377 0 0 0.0251900977618377 0.000620227426939746 0.022609450963581 0.022609450963581 0.000620227426939746
0.0235301532154272 0 0 0.0235301532154272 -0.000975476959410183 0.0232134331236522 0.0232134331236522 -0.000975476959410183
0.0239870223299305 0 0 0.0239870223299305 -0.00087572561318173 0.0227158076524067 0.0227158076524067 -0.00087572561318173
0.0237717439567148 0 0 0.0237717439567148 -0.00125999715695841 0.0232733581421589 0.0232733581421589 -0.00125999715695841
0.0250975885643417 0 0 0.0250975885643417 0.00197862872700014 0.0247492459187851 0.0247492459187851 0.00197862872700014
0.0227791113703295 0 0 0.0227791113703295 7.53364222687526e-05 0.0228097570477747 0.0228097570477747 7.53364222687526e-05
0.0257330694185985 0 0 0.0257330694185985 0.00033379163201945 0.0225829975273266 0.0225829975273266 0.00033379163201945
0.0243904777869799 0 0 0.0243904777869799 -0.000248509853200106 0.0225828774906868 0.0225828774906868 -0.000248509853200106
0.0229475427440521 0 0 0.0229475427440521 -0.000403077421200729 0.0228257011462443 0.0228257011462443 -0.000403077421200729
0.0232973001710948 0 0 0.0232973001710948 0.0003575261624367 0.0226186543285444 0.0226186543285444 0.0003575261624367
0.0239264212822773 0 0 0.0239264212822773 -0.00121388848493141 0.0236464066444636 0.0236464066444636 -0.00121388848493141
0.0230869002941449 0 0 0.0230869002941449 -0.000555630979666155 0.0228439919615625 0.0228439919615625 -0.000555630979666155
0.0247682888914945 0 0 0.0247682888914945 -0.00233348483446833 0.0236135722081127 0.0236135722081127 -0.00233348483446833
0.0233052571273463 0 0 0.0233052571273463 -0.000757256817480992 0.0230555397743589 0.0230555397743589 -0.000757256817480992
0.023688094030393 0 0 0.023688094030393 -0.000114574269937673 0.0225776361361657 0.0225776361361657 -0.000114574269937673
0.0244113681295189 0 0 0.0244113681295189 -0.000438047265092536 0.0244276081174883 0.0244276081174883 -0.000438047265092536
0.0225907593410626 0 0 0.0225907593410626 2.08617402953204e-05 0.0226248813842888 0.0226248813842888 2.08617402953204e-05
0.0238121846642833 0 0 0.0238121846642833 0.000626263025554882 0.0237749886798453 0.0237749886798453 0.000626263025554882
0.0259960722317315 0 0 0.0259960722317315 -0.00347408632765745 0.0237324989595394 0.0237324989595394 -0.00347408632765745
0.0260356573893373 0 0 0.0260356573893373 0.00289455674477131 0.0232410708550243 0.0232410708550243 0.00289455674477131
0.0230401235129582 0 0 0.0230401235129582 0.000465810099173457 0.0229272235688958 0.0229272235688958 0.000465810099173457
0.022940513226029 0 0 0.022940513226029 -0.000380150959649551 0.0228476755922239 0.0228476755922239 -0.000380150959649551
0.0242195687834528 0 0 0.0242195687834528 0.0015608117622552 0.0230512977420837 0.0230512977420837 0.0015608117622552
0.0229451875457692 0 0 0.0229451875457692 -0.000134527529223555 0.0225861711571567 0.0225861711571567 -0.000134527529223555
0.0226129958875791 0 0 0.0226129958875791 4.13821129626212e-05 0.0226430751330278 0.0226430751330278 4.13821129626212e-05
0.0238073945756518 0 0 0.0238073945756518 -0.000790158398910757 0.0237193878410977 0.0237193878410977 -0.000790158398910757
0.023471542612515 0 0 0.023471542612515 0.000675001459233993 0.0233744478495632 0.0233744478495632 0.000675001459233993
0.0257506812506079 0 0 0.0257506812506079 0.00341661702659586 0.0240252638073565 0.0240252638073565 0.00341661702659586
0.0260320147956674 0 0 0.0260320147956674 -0.00304552774729755 0.0253949411357739 0.0253949411357739 -0.00304552774729755
0.0227316243545284 0 0 0.0227316243545284 0.000174743163151627 0.0227137497656037 0.0227137497656037 0.000174743163151627
0.0244060084102067 0 0 0.0244060084102067 0.00141565712811656 0.0241619409224748 0.0241619409224748 0.00141565712811656
0.0228505602486967 0 0 0.0228505602486967 0.000272985463419728 0.0228090886421161 0.0228090886421161 0.000272985463419728
0.0259179564316897 0 0 0.0259179564316897 0.00324438341236373 0.0235495594534671 0.0235495594534671 0.00324438341236373
0.0237389064281019 0 0 0.0237389064281019 0.00107560994175159 0.0228871703768437 0.0228871703768437 0.00107560994175159
0.0257756314050662 0 0 0.0257756314050662 -0.000576682448478143 0.0257959616000408 0.0257959616000408 -0.000576682448478143
0.0229536338595869 0 0 0.0229536338595869 0.0004194826944087 0.0227835354638124 0.0227835354638124 0.0004194826944087
0.0259800730080432 0 0 0.0259800730080432 0.00308824955629401 0.0233872258366987 0.0233872258366987 0.00308824955629401
0.0234032125467429 0 0 0.0234032125467429 -0.000882565228174413 0.0230114112610432 0.0230114112610432 -0.000882565228174413
0.0239997180233269 0 0 0.0239997180233269 -0.000940910621480254 0.0227386315521112 0.0227386315521112 -0.000940910621480254
0.0247859987019612 0 0 0.0247859987019612 -0.00236118756434191 0.023773238248548 0.023773238248548 -0.00236118756434191
0.0232802589468154 0 0 0.0232802589468154 -0.000245343087156036 0.0225953274980454 0.0225953274980454 -0.000245343087156036
0.0225572682803609 0 0 0.0225572682803609 1.65713214564608e-05 0.0225884675552859 0.0225884675552859 1.65713214564608e-05
0.0258387575547874 0 0 0.0258387575547874 -0.00312800752337087 0.0234932632066861 0.0234932632066861 -0.00312800752337087
0.0232356149352153 0 0 0.0232356149352153 -2.45986705495729e-05 0.0232727331892693 0.0232727331892693 -2.45986705495729e-05
0.025522314051951 0 0 0.025522314051951 -0.00250627876102903 0.0231762466583316 0.0231762466583316 -0.00250627876102903
0.022912827365012 0 0 0.022912827365012 -4.53282888206403e-05 0.0225762142313122 0.0225762142313122 -4.53282888206403e-05
0.0235923059107491 0 0 0.0235923059107491 5.10121277418404e-05 0.0225754527581099 0.0225754527581099 5.10121277418404e-05
0.0225783740177138 0 0 0.0225783740177138 -3.07386967904642e-05 0.0226074042663141 0.0226074042663141 -3.07386967904642e-05
0.0226509239352191 0 0 0.0226509239352191 -8.75452048953655e-05 0.0226665520025982 0.0226665520025982 -8.75452048953655e-05
0.0259398175690188 0 0 0.0259398175690188 0.000387267046454729 0.0259725682445647 0.0259725682445647 0.000387267046454729
0.025883605476503 0 0 0.025883605476503 0.00346111168090699 0.0238453383848563 0.0238453383848563 0.00346111168090699
0.0229903990504158 0 0 0.0229903990504158 -0.000436659141471795 0.0227353490387119 0.0227353490387119 -0.000436659141471795
0.0256247535246329 0 0 0.0256247535246329 -0.00330268833574738 0.0241709317369988 0.0241709317369988 -0.00330268833574738
0.0243127194673095 0 0 0.0243127194673095 -0.000923954306898199 0.0226983798124111 0.0226983798124111 -0.000923954306898199
0.0253977218728956 0 0 0.0253977218728956 -0.00153367896513893 0.0252539799710929 0.0252539799710929 -0.00153367896513893
0.0235283057605219 0 0 0.0235283057605219 0.000469707201245356 0.0226325149759558 0.0226325149759558 0.000469707201245356
0.0237003324861022 0 0 0.0237003324861022 -0.000549442825348794 0.0226417449749879 0.0226417449749879 -0.000549442825348794
0.0244291655901704 0 0 0.0244291655901704 -0.00067693812418104 0.0244130970400034 0.0244130970400034 -0.00067693812418104
0.0225849314438839 0 0 0.0225849314438839 -1.32100872274617e-05 0.0226202535574901 0.0226202535574901 -1.32100872274617e-05
0.024760861067065 0 0 0.024760861067065 0.00172711484677155 0.0244507474678129 0.0244507474678129 0.00172711484677155
0.0249486847090257 0 0 0.0249486847090257 0.000659763842285674 0.022618346893682 0.022618346893682 0.000659763842285674
0.0256833843091213 0 0 0.0256833843091213 0.00212048898226252 0.0253930285367005 0.0253930285367005 0.00212048898226252
0.0254062611308216 0 0 0.0254062611308216 0.00302450131261841 0.0238511499887565 0.0238511499887565 0.00302450131261841
0.0251949822811973 0 0 0.0251949822811973 0.000675302356324716 0.022615877246914 0.022615877246914 0.000675302356324716
0.0227103637917056 0 0 0.0227103637917056 -9.76310112084198e-05 0.0227318271037915 0.0227318271037915 -9.76310112084198e-05
0.0231719281401597 0 0 0.0231719281401597 0.00028019775297546 0.0226069462394776 0.0226069462394776 0.00028019775297546
0.0229888388609916 0 0 0.0229888388609916 0.000235006715021896 0.0229937258983119 0.0229937258983119 0.000235006715021896
0.0262279828968693 0 0 0.0262279828968693 0.00187662214436907 0.0228075715292332 0.0228075715292332 0.00187662214436907
0.0251233783227561 0 0 0.0251233783227561 0.00232688990463803 0.0232136162707454 0.0232136162707454 0.00232688990463803
0.0241610140437955 0 0 0.0241610140437955 -0.00137895505034906 0.0238626820951722 0.0238626820951722 -0.00137895505034906
0.0240322889612018 0 0 0.0240322889612018 0.00141040773834498 0.0236386914894367 0.0236386914894367 0.00141040773834498
0.0268420611291817 0 0 0.0268420611291817 -0.00313296729386036 0.0231617701572029 0.0231617701572029 -0.00313296729386036
0.0235659328343151 0 0 0.0235659328343151 -0.0010487184170175 0.023052097333577 0.023052097333577 -0.0010487184170175
0.025125525796279 0 0 0.025125525796279 -0.00176749274814216 0.0228957619376987 0.0228957619376987 -0.00176749274814216
0.0236268531384539 0 0 0.0236268531384539 0.000371082392374989 0.0226065702291802 0.0226065702291802 0.000371082392374989
0.0255385754124318 0 0 0.0255385754124318 -0.00315303422584087 0.0243907886475236 0.0243907886475236 -0.00315303422584087
0.0227358647720618 0 0 0.0227358647720618 0.000164406155040148 0.0226184799127499 0.0226184799127499 0.000164406155040148
0.0225491308072278 0 0 0.0225491308072278 2.81055244734648e-06 0.0225851619888129 0.0225851619888129 2.81055244734648e-06
0.0249151646400849 0 0 0.0249151646400849 0.00133483683729768 0.022766597502087 0.022766597502087 0.00133483683729768
0.0256955141189817 0 0 0.0256955141189817 -0.00154532192809509 0.0227608453141811 0.0227608453141811 -0.00154532192809509
0.0243813217990131 0 0 0.0243813217990131 0.00187960700942221 0.0237055930538272 0.0237055930538272 0.00187960700942221
0.0239806540798009 0 0 0.0239806540798009 0.000787881039387415 0.0226871975802228 0.0226871975802228 0.000787881039387415
0.0250641090506538 0 0 0.0250641090506538 -0.00241596163796351 0.0233281117267269 0.0233281117267269 -0.00241596163796351
0.0227752084601052 0 0 0.0227752084601052 0.000154622409312334 0.0226033372105636 0.0226033372105636 0.000154622409312334
0.0261755203412575 0 0 0.0261755203412575 -0.00314518031676716 0.0233462566988741 0.0233462566988741 -0.00314518031676716
0.0226089067886508 0 0 0.0226089067886508 -1.76075690543456e-05 0.0226441114823382 0.0226441114823382 -1.76075690543456e-05
0.0256884984703385 0 0 0.0256884984703385 -0.00262845631957056 0.0251719559181183 0.0251719559181183 -0.00262845631957056
0.0228848425604299 0 0 0.0228848425604299 0.000349412840150895 0.0227497769984957 0.0227497769984957 0.000349412840150895
0.0234885238496333 0 0 0.0234885238496333 -0.000634679013622787 0.0234127577222473 0.0234127577222473 -0.000634679013622787
0.0230451350426993 0 0 0.0230451350426993 0.000206822816188478 0.0230608535372467 0.0230608535372467 0.000206822816188478
0.0229433954975837 0 0 0.0229433954975837 0.000407824893451284 0.0227940683516808 0.0227940683516808 0.000407824893451284
0.0225568533083335 0 0 0.0225568533083335 -1.47043249924258e-05 0.0225785715424697 0.0225785715424697 -1.47043249924258e-05
0.0233167005324005 0 0 0.0233167005324005 -0.00053057847730247 0.0226764873665504 0.0226764873665504 -0.00053057847730247
0.0289876444509992 0 0 0.0289876444509992 0.00400072930306032 0.0231562843515394 0.0231562843515394 0.00400072930306032
0.0246705971393494 0 0 0.0246705971393494 0.00219677382669253 0.0234659599105314 0.0234659599105314 0.00219677382669253
0.0229659419376569 0 0 0.0229659419376569 -0.000394198685990616 0.0227020998456957 0.0227020998456957 -0.000394198685990616
0.023072207047749 0 0 0.023072207047749 0.000473793862611912 0.0227144788081894 0.0227144788081894 0.000473793862611912
0.0240319701095259 0 0 0.0240319701095259 0.00126050509224471 0.022898236763487 0.022898236763487 0.00126050509224471
0.0251168447216923 0 0 0.0251168447216923 -0.0017419661752768 0.0228866845391834 0.0228866845391834 -0.0017419661752768
0.0252167161481636 0 0 0.0252167161481636 -0.000317672055603934 0.0225837542122049 0.0225837542122049 -0.000317672055603934
0.0327291098003771 0 0 0.0327291098003771 -0.0117209696648913 0.0263276955696515 0.0263276955696515 -0.0117209696648913
0.0251255916528995 0 0 0.0251255916528995 -0.0023627461907276 0.0232413785247715 0.0232413785247715 -0.0023627461907276
0.0227835794463168 0 0 0.0227835794463168 3.58445190672351e-05 0.0228188834871717 0.0228188834871717 3.58445190672351e-05
0.0249189454882775 0 0 0.0249189454882775 -0.000960242763528713 0.0226701188855943 0.0226701188855943 -0.000960242763528713
0.0240110162114788 0 0 0.0240110162114788 -0.00123199059584641 0.0228865347011994 0.0228865347011994 -0.00123199059584641
0.0230336510215173 0 0 0.0230336510215173 -0.000144834963067331 0.0225855380510933 0.0225855380510933 -0.000144834963067331
0.0236179714822842 0 0 0.0236179714822842 0.00068052794648629 0.0226914982048249 0.0226914982048249 0.00068052794648629
0.0231936946010306 0 0 0.0231936946010306 0.000419898169477159 0.0231583700302436 0.0231583700302436 0.000419898169477159
0.0257007602715086 0 0 0.0257007602715086 -0.00285908858446398 0.0250445818800402 0.0250445818800402 -0.00285908858446398
0.022916903395708 0 0 0.022916903395708 -8.72810756106303e-05 0.0229487477869836 0.0229487477869836 -8.72810756106303e-05
0.0265694289651356 0 0 0.0265694289651356 0.00134275085786628 0.0226795955413315 0.0226795955413315 0.00134275085786628
0.0261430865660653 0 0 0.0261430865660653 -0.00350203075769922 0.0252256053862686 0.0252256053862686 -0.00350203075769922
0.0242418101333646 0 0 0.0242418101333646 0.00142844751127628 0.02394155742134 0.02394155742134 0.00142844751127628
0.0239128972974395 0 0 0.0239128972974395 -9.33069875975172e-05 0.0225763861676484 0.0225763861676484 -9.33069875975172e-05
0.0251398958429878 0 0 0.0251398958429878 0.0019431071739045 0.0229721741720994 0.0229721741720994 0.0019431071739045
0.0297990800477382 0 0 0.0297990800477382 -0.00802781199627603 0.0253213227132992 0.0253213227132992 -0.00802781199627603
0.0229016663246771 0 0 0.0229016663246771 -0.00028448064067767 0.0226424544329457 0.0226424544329457 -0.00028448064067767
0.0259261195433496 0 0 0.0259261195433496 0.0013278135866006 0.0226996262617348 0.0226996262617348 0.0013278135866006
0.0282407779006787 0 0 0.0282407779006787 0.00488046556270671 0.0273770409123517 0.0273770409123517 0.00488046556270671
0.0251645957915539 0 0 0.0251645957915539 -0.000491965854150951 0.0225967507639366 0.0225967507639366 -0.000491965854150951
0.0226014859183289 0 0 0.0226014859183289 9.32186681312306e-06 0.0226374469677805 0.0226374469677805 9.32186681312306e-06
0.024880364219213 0 0 0.024880364219213 -0.00239967047046739 0.0240474027717092 0.0240474027717092 -0.00239967047046739
0.0229661419439279 0 0 0.0229661419439279 -0.000430321964044577 0.0227697669388 0.0227697669388 -0.000430321964044577
0.0266221337779103 0 0 0.0266221337779103 -0.0039950595093955 0.023780931750736 0.023780931750736 -0.0039950595093955
0.0279627999565166 0 0 0.0279627999565166 -0.00608659862283261 0.0254411294227284 0.0254411294227284 -0.00608659862283261
0.0229259910323905 0 0 0.0229259910323905 0.000129277922749793 0.0225858334986242 0.0225858334986242 0.000129277922749793
0.0246367234868023 0 0 0.0246367234868023 0.00113178864239567 0.0227310980814466 0.0227310980814466 0.00113178864239567
0.0232865678533603 0 0 0.0232865678533603 0.000321992244409809 0.0226105316510006 0.0226105316510006 0.000321992244409809
0.0232235068176112 0 0 0.0232235068176112 0.000247220141486884 0.023238791341747 0.023238791341747 0.000247220141486884
0.024164050833565 0 0 0.024164050833565 0.00163054830352811 0.0236102992225148 0.0236102992225148 0.00163054830352811
0.0228207208906328 0 0 0.0228207208906328 0.000279167312139865 0.0227432535819901 0.0227432535819901 0.000279167312139865
0.0275124501238708 0 0 0.0275124501238708 -0.00361209411346945 0.0232362613309461 0.0232362613309461 -0.00361209411346945
0.0261256264384582 0 0 0.0261256264384582 0.00374884277288361 0.023973360649284 0.023973360649284 0.00374884277288361
0.0257813177051118 0 0 0.0257813177051118 -0.0026169318332164 0.0231599156920658 0.0231599156920658 -0.0026169318332164
0.0234251335825543 0 0 0.0234251335825543 0.000267578521529582 0.0234432985291531 0.0234432985291531 0.000267578521529582
0.0230241796454389 0 0 0.0230241796454389 -0.000234282537642287 0.0230320618689342 0.0230320618689342 -0.000234282537642287
0.0246610403062479 0 0 0.0246610403062479 0.000541410982001423 0.0246700889240899 0.0246700889240899 0.000541410982001423
0.0269254738943415 0 0 0.0269254738943415 -0.000586876214533015 0.022592768422861 0.022592768422861 -0.000586876214533015
0.0245577403294758 0 0 0.0245577403294758 -0.001012315266271 0.0244783753901625 0.0244783753901625 -0.001012315266271
0.0230741508275582 0 0 0.0230741508275582 -0.000245151848140833 0.0230826171846248 0.0230826171846248 -0.000245151848140833
0.0252682197962237 0 0 0.0252682197962237 -0.00176513991583597 0.0250401496179699 0.0250401496179699 -0.00176513991583597
0.0271246516403336 0 0 0.0271246516403336 -0.00289062583994904 0.0230237826322902 0.0230237826322902 -0.00289062583994904
0.0246890048907332 0 0 0.0246890048907332 -0.000435485042566718 0.0225960501316569 0.0225960501316569 -0.000435485042566718
0.0265047630248223 0 0 0.0265047630248223 -0.00398162861165553 0.0238587507842275 0.0238587507842275 -0.00398162861165553
0.0299230146536137 0 0 0.0299230146536137 -0.00490565463841753 0.0233295772926721 0.0233295772926721 -0.00490565463841753
0.0229554940630075 0 0 0.0229554940630075 3.83026669662652e-05 0.0229915130020569 0.0229915130020569 3.83026669662652e-05
0.0260071965067178 0 0 0.0260071965067178 -0.00191326553807046 0.0228364324547833 0.0228364324547833 -0.00191326553807046
0.0232153667270756 0 0 0.0232153667270756 -5.77154077816427e-05 0.0225760626208831 0.0225760626208831 -5.77154077816427e-05
0.0245349652300778 0 0 0.0245349652300778 0.00207461880987417 0.0234822931366106 0.0234822931366106 0.00207461880987417
0.0274627523167442 0 0 0.0274627523167442 0.00524013864671558 0.024446762063521 0.024446762063521 0.00524013864671558
0.0274649582412261 0 0 0.0274649582412261 -0.000255632347073169 0.0225778362614099 0.0225778362614099 -0.000255632347073169
0.0230315617209952 0 0 0.0230315617209952 -0.000150931007960178 0.0225865310128027 0.0225865310128027 -0.000150931007960178
0.0248109659226457 0 0 0.0248109659226457 -0.0023418209406752 0.0239677163121253 0.0239677163121253 -0.0023418209406752
0.023956390044702 0 0 0.023956390044702 0.00073103941000402 0.0239027410010562 0.0239027410010562 0.00073103941000402
0.0259891697809582 0 0 0.0259891697809582 -0.00191311293365317 0.0228380837898575 0.0228380837898575 -0.00191311293365317
0.0231658418988497 0 0 0.0231658418988497 -0.000390910608620879 0.0226417834711079 0.0226417834711079 -0.000390910608620879
0.0226653756676571 0 0 0.0226653756676571 0.000111852349075515 0.0226686828523192 0.0226686828523192 0.000111852349075515
0.0233608194892843 0 0 0.0233608194892843 -0.000477783285453973 0.0233261465257998 0.0233261465257998 -0.000477783285453973
0.0255974448472009 0 0 0.0255974448472009 0.00263275056601092 0.0232300583254971 0.0232300583254971 0.00263275056601092
0.0258130254315587 0 0 0.0258130254315587 -0.00334839896440897 0.0237631489465213 0.0237631489465213 -0.00334839896440897
0.0257397603475278 0 0 0.0257397603475278 -0.00227160459330799 0.0230002018110755 0.0230002018110755 -0.00227160459330799
0.0228613990375159 0 0 0.0228613990375159 0.000301483252752796 0.0226759455428005 0.0226759455428005 0.000301483252752796
0.0227980351142517 0 0 0.0227980351142517 0.000150808433675341 0.0225987930203466 0.0225987930203466 0.000150808433675341
0.0261807573176524 0 0 0.0261807573176524 0.00238660906792375 0.0229735244178467 0.0229735244178467 0.00238660906792375
0.0303982656830211 0 0 0.0303982656830211 -0.00759362904166838 0.0244803784995661 0.0244803784995661 -0.00759362904166838
0.0253942951805784 0 0 0.0253942951805784 -0.00263478967109403 0.0247503791055847 0.0247503791055847 -0.00263478967109403
0.0277653473652241 0 0 0.0277653473652241 0.00246896340318944 0.0228468867888806 0.0228468867888806 0.00246896340318944
0.0241494366628012 0 0 0.0241494366628012 -9.89257702343415e-05 0.0225763154212711 0.0225763154212711 -9.89257702343415e-05
0.0254360578146602 0 0 0.0254360578146602 -0.002534115204668 0.0232268807880105 0.0232268807880105 -0.002534115204668
0.0234135439260459 0 0 0.0234135439260459 0.000882755154610103 0.0229499225237687 0.0229499225237687 0.000882755154610103
0.0226046489429494 0 0 0.0226046489429494 4.08365117034509e-05 0.0225818960065869 0.0225818960065869 4.08365117034509e-05
0.022683575170581 0 0 0.022683575170581 -0.000103132439570559 0.0225962452399754 0.0225962452399754 -0.000103132439570559
0.0248327208464203 0 0 0.0248327208464203 0.00196607744780637 0.0244086651173909 0.0244086651173909 0.00196607744780637
0.0231573709477937 0 0 0.0231573709477937 -0.000566604055659469 0.0227525907159028 0.0227525907159028 -0.000566604055659469
0.0241895752802459 0 0 0.0241895752802459 0.000742820506811369 0.0226593476745086 0.0226593476745086 0.000742820506811369
0.0236229490819982 0 0 0.0236229490819982 0.00111111009826895 0.0231479404541536 0.0231479404541536 0.00111111009826895
0.0240581376669126 0 0 0.0240581376669126 3.79457162548115e-05 0.0240965698783465 0.0240965698783465 3.79457162548115e-05
0.0227531369415052 0 0 0.0227531369415052 4.1936880630327e-05 0.02257690643096 0.02257690643096 4.1936880630327e-05
0.0238822768997425 0 0 0.0238822768997425 0.000476864411525543 0.0226171223375541 0.0226171223375541 0.000476864411525543
0.0238823266615958 0 0 0.0238823266615958 -0.000197019670188715 0.0239140483448657 0.0239140483448657 -0.000197019670188715
0.0229184086533308 0 0 0.0229184086533308 -0.000381931444290951 0.0227834321709502 0.0227834321709502 -0.000381931444290951
0.0241353354795702 0 0 0.0241353354795702 0.00159001707882032 0.0236102822114865 0.0236102822114865 0.00159001707882032
0.0230336266046363 0 0 0.0230336266046363 -0.000475373241654369 0.0229025231507096 0.0229025231507096 -0.000475373241654369
0.0233596600184201 0 0 0.0233596600184201 0.000837268577820505 0.0229938866045408 0.0229938866045408 0.000837268577820505
0.0236686667755588 0 0 0.0236686667755588 0.000437840776389769 0.0236658064519349 0.0236658064519349 0.000437840776389769
0.0232764593389598 0 0 0.0232764593389598 -0.000612646828332213 0.022732586183429 0.022732586183429 -0.000612646828332213
0.0230335750519919 0 0 0.0230335750519919 -0.000443034598977967 0.0227078988882071 0.0227078988882071 -0.000443034598977967
0.0228310842941865 0 0 0.0228310842941865 0.000192834533896656 0.0228322858052007 0.0228322858052007 0.000192834533896656
0.024962067977632 0 0 0.024962067977632 -0.00255442281705511 0.0238817494965272 0.0238817494965272 -0.00255442281705511
0.0243546491171923 0 0 0.0243546491171923 0.00111549025034653 0.0242248651210476 0.0242248651210476 0.00111549025034653
0.0225902316403397 0 0 0.0225902316403397 5.15204795496596e-05 0.022603018700041 0.022603018700041 5.15204795496596e-05
0.0274203642111841 0 0 0.0274203642111841 0.00463541545281692 0.026369056115656 0.026369056115656 0.00463541545281692
0.0231821472334128 0 0 0.0231821472334128 0.000383010821778911 0.0231590539229432 0.0231590539229432 0.000383010821778911
0.0247315336973753 0 0 0.0247315336973753 -6.62548767396002e-05 0.0225753266328697 0.0225753266328697 -6.62548767396002e-05
0.023303281904363 0 0 0.023303281904363 0.000769411347357159 0.0230203487792841 0.0230203487792841 0.000769411347357159
0.027002202685957 0 0 0.027002202685957 0.00156889348530383 0.0227030919962908 0.0227030919962908 0.00156889348530383
0.0278903945280894 0 0 0.0278903945280894 -0.00262159933064537 0.0228745604937314 0.0228745604937314 -0.00262159933064537
0.0257972487147724 0 0 0.0257972487147724 0.00131413560909294 0.0227025353179042 0.0227025353179042 0.00131413560909294
0.0261112032736726 0 0 0.0261112032736726 -0.00352198215099029 0.0236863091536055 0.0236863091536055 -0.00352198215099029
0.0251351581322138 0 0 0.0251351581322138 0.000425074757010445 0.022591366602743 0.022591366602743 0.000425074757010445
0.0284257834401536 0 0 0.0284257834401536 -0.00560504319098659 0.0240549388285639 0.0240549388285639 -0.00560504319098659
0.0234146904087727 0 0 0.0234146904087727 -0.000862454114522915 0.0229010929532707 0.0229010929532707 -0.000862454114522915
0.0225686994139933 0 0 0.0225686994139933 -2.43906229844803e-05 0.0225810718425868 0.0225810718425868 -2.43906229844803e-05
0.0237298595611306 0 0 0.0237298595611306 -0.00104030056680879 0.0234916582072384 0.0234916582072384 -0.00104030056680879
0.0229816083405803 0 0 0.0229816083405803 0.000413874130022137 0.0227126509958966 0.0227126509958966 0.000413874130022137
0.0233164215197816 0 0 0.0233164215197816 0.000456312619910491 0.0232839027337908 0.0232839027337908 0.000456312619910491
0.0235191516284692 0 0 0.0235191516284692 0.000780170994372469 0.022760281854056 0.022760281854056 0.000780170994372469
0.0239908797426725 0 0 0.0239908797426725 -0.00130784418173181 0.0229536610434572 0.0229536610434572 -0.00130784418173181
0.0229309655668339 0 0 0.0229309655668339 -0.000203490717974807 0.0226029434453168 0.0226029434453168 -0.000203490717974807
0.0264456805428295 0 0 0.0264456805428295 -0.00415168210528835 0.0241835476162262 0.0241835476162262 -0.00415168210528835
0.0226429229017343 0 0 0.0226429229017343 7.79899183399652e-05 0.0226619439527582 0.0226619439527582 7.79899183399652e-05
0.0230247185015395 0 0 0.0230247185015395 0.000378724504426637 0.0229744758462991 0.0229744758462991 0.000378724504426637
0.0288649315763193 0 0 0.0288649315763193 0.00530985587088539 0.0279888446451548 0.0279888446451548 0.00530985587088539
0.0235542377740448 0 0 0.0235542377740448 0.000863995232494435 0.0233704739486913 0.0233704739486913 0.000863995232494435
0.0225553672750854 0 0 0.0225553672750854 1.6754142745723e-05 0.022583102133222 0.022583102133222 1.6754142745723e-05
0.0241425467078045 0 0 0.0241425467078045 0.000199622462137827 0.0241757175622682 0.0241757175622682 0.000199622462137827
0.0227019589615164 0 0 0.0227019589615164 -0.000162746164749555 0.0226675304637699 0.0226675304637699 -0.000162746164749555
0.0249236700264464 0 0 0.0249236700264464 0.00223762537695207 0.0232480852010621 0.0232480852010621 0.00223762537695207
0.0227866438520608 0 0 0.0227866438520608 -0.000147742685142483 0.022799307046909 0.022799307046909 -0.000147742685142483
0.0231788564486304 0 0 0.0231788564486304 -0.000397447102407121 0.0226425375467858 0.0226425375467858 -0.000397447102407121
0.0250057496565701 0 0 0.0250057496565701 -0.00169070277855042 0.0228841232831737 0.0228841232831737 -0.00169070277855042
0.0234087298749595 0 0 0.0234087298749595 0.000886682572297121 0.0230410181281008 0.0230410181281008 0.000886682572297121
0.0239113561922034 0 0 0.0239113561922034 -0.00019135813624856 0.0239436476890829 0.0239436476890829 -0.00019135813624856
0.0245980515953101 0 0 0.0245980515953101 -9.13011457780935e-05 0.0225758166512703 0.0225758166512703 -9.13011457780935e-05
0.0230460363910062 0 0 0.0230460363910062 4.72906662274841e-05 0.0230819909335765 0.0230819909335765 4.72906662274841e-05
0.0241504667785211 0 0 0.0241504667785211 0.00129267018785869 0.0239022359697384 0.0239022359697384 0.00129267018785869
0.0232909709559111 0 0 0.0232909709559111 -0.000395209460710045 0.0226296867066761 0.0226296867066761 -0.000395209460710045
0.0238228501168461 0 0 0.0238228501168461 0.00131472055616174 0.0231553430664643 0.0231553430664643 0.00131472055616174
0.0228283582302256 0 0 0.0228283582302256 -0.000190812594850639 0.0228299751412329 0.0228299751412329 -0.000190812594850639
0.0239744781444941 0 0 0.0239744781444941 0.00107776752991056 0.0228056152690951 0.0228056152690951 0.00107776752991056
0.0251353275117542 0 0 0.0251353275117542 0.00201498401388287 0.0247788260365212 0.0247788260365212 0.00201498401388287
0.0234487700017453 0 0 0.0234487700017453 0.000201313408836535 0.0234758380895674 0.0234758380895674 0.000201313408836535
0.0257917458000421 0 0 0.0257917458000421 0.00310583010774274 0.0249919035991634 0.0249919035991634 0.00310583010774274
0.0248227406383069 0 0 0.0248227406383069 0.00237768828482979 0.0235781096249164 0.0235781096249164 0.00237768828482979
0.0249679949746778 0 0 0.0249679949746778 -0.00146058939294062 0.0228020078390159 0.0228020078390159 -0.00146058939294062
0.0227589052528348 0 0 0.0227589052528348 -0.000208452016055031 0.0227229446379222 0.0227229446379222 -0.000208452016055031
0.0227565507654154 0 0 0.0227565507654154 0.000143807106426154 0.0226016993807252 0.0226016993807252 0.000143807106426154
0.0228686733842182 0 0 0.0228686733842182 -0.000102255191457509 0.0225828934325708 0.0225828934325708 -0.000102255191457509
0.0270882928245397 0 0 0.0270882928245397 0.00501591864854256 0.0250021678383105 0.0250021678383105 0.00501591864854256
0.0277309965450916 0 0 0.0277309965450916 -0.00314753797282934 0.0230343705050574 0.0230343705050574 -0.00314753797282934
0.0248533030291688 0 0 0.0248533030291688 0.000352241276949318 0.0248816226407058 0.0248816226407058 0.000352241276949318
0.0241059449488382 0 0 0.0241059449488382 0.00127362728247634 0.0228808559718484 0.0228808559718484 0.00127362728247634
0.0244187200914207 0 0 0.0244187200914207 0.00172335151388125 0.0239804376163337 0.0239804376163337 0.00172335151388125
0.0238184967289549 0 0 0.0238184967289549 -0.000659356606202469 0.0237729910285472 0.0237729910285472 -0.000659356606202469
0.0244639456652674 0 0 0.0244639456652674 -0.000623539330262786 0.0226243575414944 0.0226243575414944 -0.000623539330262786
0.0238053047994724 0 0 0.0238053047994724 -0.00128870200811422 0.0231197446067606 0.0231197446067606 -0.00128870200811422
0.0232369985760701 0 0 0.0232369985760701 -0.000548643586306449 0.0227040627605754 0.0227040627605754 -0.000548643586306449
0.023469222547081 0 0 0.023469222547081 0.000851680033629259 0.0228370642403897 0.0228370642403897 0.000851680033629259
0.0279279698955934 0 0 0.0279279698955934 -0.00604158174097779 0.0253525106402488 0.0253525106402488 -0.00604158174097779
0.0253142804156107 0 0 0.0253142804156107 -0.00295075692693106 0.0240312704560324 0.0240312704560324 -0.00295075692693106
0.0235472393808888 0 0 0.0235472393808888 -0.000790871483988351 0.0227583851092115 0.0227583851092115 -0.000790871483988351
0.0229635568189834 0 0 0.0229635568189834 -0.000172229897142045 0.0225928603218064 0.0225928603218064 -0.000172229897142045
0.0237825247404581 0 0 0.0237825247404581 -0.000424032121467306 0.022610951597622 0.022610951597622 -0.000424032121467306
0.0226052043997187 0 0 0.0226052043997187 2.1940465763506e-05 0.022639668410937 0.022639668410937 2.1940465763506e-05
0.0258803464338147 0 0 0.0258803464338147 -0.00179044042125558 0.0228123721348567 0.0228123721348567 -0.00179044042125558
0.0266642927981451 0 0 0.0266642927981451 0.0015296320417063 0.0227081022092014 0.0227081022092014 0.0015296320417063
0.0228805995234758 0 0 0.0228805995234758 -0.000277683792358284 0.0226448385675995 0.0226448385675995 -0.000277683792358284
0.0243721785108691 0 0 0.0243721785108691 -0.00093812028464406 0.022697559452784 0.022697559452784 -0.00093812028464406
0.0266263160177325 0 0 0.0266263160177325 0.00355835859854112 0.0259101823975012 0.0259101823975012 0.00355835859854112
0.0226822072374619 0 0 0.0226822072374619 -0.00013274097593421 0.0226187006305699 0.0226187006305699 -0.00013274097593421
0.0265711754413865 0 0 0.0265711754413865 -0.00146346195038948 0.0226997488522602 0.0226997488522602 -0.00146346195038948
0.0245552948793404 0 0 0.0245552948793404 -0.00204743012455323 0.0238495321673147 0.0238495321673147 -0.00204743012455323
0.0255400219838875 0 0 0.0255400219838875 -0.00320016097362023 0.0240313955197372 0.0240313955197372 -0.00320016097362023
0.0254242629803354 0 0 0.0254242629803354 0.00104611016809578 0.0226663621498792 0.0226663621498792 0.00104611016809578
0.0233905042749078 0 0 0.0233905042749078 -0.000749521933328606 0.0227882954480275 0.0227882954480275 -0.000749521933328606
0.0240996315624671 0 0 0.0240996315624671 -0.00143433182311176 0.0237281864176105 0.0237281864176105 -0.00143433182311176
0.0260624135162742 0 0 0.0260624135162742 0.000874114693069062 0.0226256708821943 0.0226256708821943 0.000874114693069062
0.0234728431742136 0 0 0.0234728431742136 0.000774080067457378 0.0227718047956419 0.0227718047956419 0.000774080067457378
0.0243778587410219 0 0 0.0243778587410219 0.00141938587937319 0.0241248041974407 0.0241248041974407 0.00141938587937319
0.0231006272737188 0 0 0.0231006272737188 -0.000240733608649958 0.0226015046032238 0.0226015046032238 -0.000240733608649958
0.0242567104918677 0 0 0.0242567104918677 -0.000337007852713345 0.0242807692939573 0.0242807692939573 -0.000337007852713345
0.024478098395626 0 0 0.024478098395626 -0.00152318577117927 0.0229172735800155 0.0229172735800155 -0.00152318577117927
0.022582760413723 0 0 0.022582760413723 -4.08426396978859e-05 0.0226054324634941 0.0226054324634941 -4.08426396978859e-05
0.0225744183660487 0 0 0.0225744183660487 -3.96633389526169e-06 0.0225749600853741 0.0225749600853741 -3.96633389526169e-06
0.0244033678380943 0 0 0.0244033678380943 -0.00179718161772485 0.0231677057053547 0.0231677057053547 -0.00179718161772485
0.0233213839537843 0 0 0.0233213839537843 -0.000760618634057659 0.0230878698198467 0.0230878698198467 -0.000760618634057659
0.0237791083384333 0 0 0.0237791083384333 0.00114447489476414 0.0229275729787867 0.0229275729787867 0.00114447489476414
0.0239408445455365 0 0 0.0239408445455365 0.00128217920262498 0.0229590769101034 0.0229590769101034 0.00128217920262498
0.0271296685978218 0 0 0.0271296685978218 -0.00488092193796256 0.0243580108575595 0.0243580108575595 -0.00488092193796256
0.0227903261455597 0 0 0.0227903261455597 1.73448247219879e-05 0.0225751471156508 0.0225751471156508 1.73448247219879e-05
0.0239039989497495 0 0 0.0239039989497495 0.0012691366262942 0.0229699011861014 0.0229699011861014 0.0012691366262942
0.0250799354341619 0 0 0.0250799354341619 0.000388097099628518 0.0225889233433306 0.0225889233433306 0.000388097099628518
0.0255652401466595 0 0 0.0255652401466595 -0.000542339235730459 0.0225977309338399 0.0225977309338399 -0.000542339235730459
0.028057622494376 0 0 0.028057622494376 0.000940609846860895 0.0226106774594022 0.0226106774594022 0.000940609846860895
0.024543479251554 0 0 0.024543479251554 0.00208133582480627 0.0234761383937717 0.0234761383937717 0.00208133582480627
0.0247186401149642 0 0 0.0247186401149642 0.00144353092405128 0.0228296781282303 0.0228296781282303 0.00144353092405128
0.0271003332395128 0 0 0.0271003332395128 -0.00240306452239103 0.0228782928346347 0.0228782928346347 -0.00240306452239103
0.023897345976047 0 0 0.023897345976047 0.00139528014346255 0.0231991142040729 0.0231991142040729 0.00139528014346255
0.0233910926371195 0 0 0.0233910926371195 0.000587378909446208 0.0226886777641866 0.0226886777641866 0.000587378909446208
0.0265730100099641 0 0 0.0265730100099641 -0.00271333256886197 0.023037870516515 0.023037870516515 -0.00271333256886197
0.0229037092086525 0 0 0.0229037092086525 -0.000289214180857605 0.022644778216594 0.022644778216594 -0.000289214180857605
0.0233495126994769 0 0 0.0233495126994769 -0.000561736402793154 0.022684650763065 0.022684650763065 -0.000561736402793154
0.0251421373237075 0 0 0.0251421373237075 -0.00101742554736102 0.022671892692491 0.022671892692491 -0.00101742554736102
0.0258302574966981 0 0 0.0258302574966981 -0.00353467666023257 0.0243465976263534 0.0243465976263534 -0.00353467666023257
0.025951559887173 0 0 0.025951559887173 0.000294819107300874 0.0259881071486853 0.0259881071486853 0.000294819107300874
0.0233357064753605 0 0 0.0233357064753605 -0.000785305076754955 0.023079582856365 0.023079582856365 -0.000785305076754955
0.0227952196772669 0 0 0.0227952196772669 -0.000193284686646874 0.0227888477575425 0.0227888477575425 -0.000193284686646874
0.0229752379872371 0 0 0.0229752379872371 -0.000428620230116994 0.022742001721191 0.022742001721191 -0.000428620230116994
0.0255790709897102 0 0 0.0255790709897102 -0.00247242933021696 0.0251127978415659 0.0251127978415659 -0.00247242933021696
0.0251827312492711 0 0 0.0251827312492711 0.00261553082951967 0.02345466689617 0.02345466689617 0.00261553082951967
0.022933515525713 0 0 0.022933515525713 -2.58808988600464e-05 0.0229699426207978 0.0229699426207978 -2.58808988600464e-05
0.02317106983627 0 0 0.02317106983627 -0.000406738282370578 0.0231375716575849 0.0231375716575849 -0.000406738282370578
0.0241066077987184 0 0 0.0241066077987184 0.00161339579133441 0.0232790367856523 0.0232790367856523 0.00161339579133441
0.024458262082447 0 0 0.024458262082447 -0.00192412670727686 0.0232848709696802 0.0232848709696802 -0.00192412670727686
0.0243560106747762 0 0 0.0243560106747762 -0.00186971231882555 0.0236464015082507 0.0236464015082507 -0.00186971231882555
0.0225754319166432 0 0 0.0225754319166432 -3.60748336856741e-05 0.0225971016947798 0.0225971016947798 -3.60748336856741e-05
0.0244228912111768 0 0 0.0244228912111768 0.00128515936205851 0.0228126758408214 0.0228126758408214 0.00128515936205851
0.0261875007734719 0 0 0.0261875007734719 0.00344241448135517 0.0235595455246215 0.0235595455246215 0.00344241448135517
0.0228844726867542 0 0 0.0228844726867542 -0.000156298329382952 0.022903030643101 0.022903030643101 -0.000156298329382952
