6.174306869506835938e-01,2.711913585662841797e-01,-3.315384387969970703e-01,-2.387966513633728027e-01
6.100333929061889648e-01,2.687836289405822754e-01,-3.312354087829589844e-01,-2.406489849090576172e-01
6.026240587234497070e-01,2.663721144199371338e-01,-3.309317827224731445e-01,-2.425042688846588135e-01
5.952268838882446289e-01,2.639643847942352295e-01,-3.306285738945007324e-01,-2.443565726280212402e-01
5.878294706344604492e-01,2.615566849708557129e-01,-3.303253948688507080e-01,-2.462088465690612793e-01
5.804203748703002930e-01,2.591451406478881836e-01,-3.300217986106872559e-01,-2.480641007423400879e-01
5.730230808258056641e-01,2.567374706268310547e-01,-3.297185897827148438e-01,-2.499164342880249023e-01
5.656256675720214844e-01,2.543298006057739258e-01,-3.294155001640319824e-01,-2.517687678337097168e-01
5.582164525985717773e-01,2.519181668758392334e-01,-3.291118443012237549e-01,-2.536239624023437500e-01
5.508191585540771484e-01,2.495105117559432983e-01,-3.288086950778961182e-01,-2.554763257503509521e-01
5.434218645095825195e-01,2.471028119325637817e-01,-3.285055160522460938e-01,-2.573286890983581543e-01
5.360127687454223633e-01,2.446912676095962524e-01,-3.282018899917602539e-01,-2.591839134693145752e-01
5.286153554916381836e-01,2.422835975885391235e-01,-3.278987407684326172e-01,-2.610362470149993896e-01
5.212180614471435547e-01,2.398758977651596069e-01,-3.275955915451049805e-01,-2.628885805606842041e-01
5.138089656829833984e-01,2.374643534421920776e-01,-3.272919058799743652e-01,-2.647438049316406250e-01
5.064115524291992188e-01,2.350566536188125610e-01,-3.269888162612915039e-01,-2.665961682796478271e-01
4.990142881870269775e-01,2.326489239931106567e-01,-3.266856074333190918e-01,-2.684484124183654785e-01
4.916048943996429443e-01,2.302373498678207397e-01,-3.263820409774780273e-01,-2.703037261962890625e-01
4.842938482761383057e-01,2.278753370046615601e-01,-3.260991573333740234e-01,-2.721680104732513428e-01
4.771560728549957275e-01,2.256051301956176758e-01,-3.258572220802307129e-01,-2.740565836429595947e-01
4.700070321559906006e-01,2.233313322067260742e-01,-3.256149291992187500e-01,-2.759480774402618408e-01
4.628691971302032471e-01,2.210610806941986084e-01,-3.253729939460754395e-01,-2.778366208076477051e-01
4.557314217090606689e-01,2.187908440828323364e-01,-3.251310586929321289e-01,-2.797251045703887939e-01
4.485937654972076416e-01,2.165206521749496460e-01,-3.248891234397888184e-01,-2.816136181354522705e-01
4.414446055889129639e-01,2.142468392848968506e-01,-3.246468901634216309e-01,-2.835051417350769043e-01
4.343069493770599365e-01,2.119766324758529663e-01,-3.244048953056335449e-01,-2.853936553001403809e-01
4.270787537097930908e-01,2.097145766019821167e-01,-3.241869211196899414e-01,-2.873418927192687988e-01
4.198093116283416748e-01,2.074516266584396362e-01,-3.239764571189880371e-01,-2.893127799034118652e-01
4.125514924526214600e-01,2.051922529935836792e-01,-3.237663507461547852e-01,-2.912805676460266113e-01
4.052936732769012451e-01,2.029328346252441406e-01,-3.235562443733215332e-01,-2.932483851909637451e-01
3.980241715908050537e-01,2.006698399782180786e-01,-3.233457505702972412e-01,-2.952193021774291992e-01
3.907662928104400635e-01,1.984104067087173462e-01,-3.231356739997863770e-01,-2.971870601177215576e-01
3.835085332393646240e-01,1.961510628461837769e-01,-3.229255378246307373e-01,-2.991548776626586914e-01
3.762390911579132080e-01,1.938880532979965210e-01,-3.227150440216064453e-01,-3.011257946491241455e-01
3.689811527729034424e-01,1.916286200284957886e-01,-3.225049376487731934e-01,-3.030935823917388916e-01
3.617232739925384521e-01,1.893692761659622192e-01,-3.222948312759399414e-01,-3.050613999366760254e-01
3.544538915157318115e-01,1.871062964200973511e-01,-3.220843672752380371e-01,-3.070322871208190918e-01
3.471960127353668213e-01,1.848468631505966187e-01,-3.218742609024047852e-01,-3.090001046657562256e-01
3.399381935596466064e-01,1.825875192880630493e-01,-3.216641545295715332e-01,-3.109678924083709717e-01
3.326687514781951904e-01,1.803244799375534058e-01,-3.214536905288696289e-01,-3.129388093948364258e-01
3.254109323024749756e-01,1.780650615692138672e-01,-3.212435543537139893e-01,-3.149066567420959473e-01
3.181529939174652100e-01,1.758057028055191040e-01,-3.210334479808807373e-01,-3.168744146823883057e-01
3.108835518360137939e-01,1.735427379608154297e-01,-3.208229541778564453e-01,-3.188453316688537598e-01
3.036257922649383545e-01,1.712833195924758911e-01,-3.206128776073455811e-01,-3.208131194114685059e-01
2.963678538799285889e-01,1.690239161252975464e-01,-3.204027414321899414e-01,-3.227809071540832520e-01
2.891100347042083740e-01,1.667645126581192017e-01,-3.201926350593566895e-01,-3.247486948966979980e-01
2.818405330181121826e-01,1.645015627145767212e-01,-3.199821710586547852e-01,-3.267196416854858398e-01
2.745827436447143555e-01,1.622421145439147949e-01,-3.197720646858215332e-01,-3.286874294281005859e-01
2.673248648643493652e-01,1.599827259778976440e-01,-3.195619285106658936e-01,-3.306552171707153320e-01
2.608439624309539795e-01,1.581645458936691284e-01,-3.191345036029815674e-01,-3.332364857196807861e-01
2.546904385089874268e-01,1.565281599760055542e-01,-3.186204731464385986e-01,-3.360592126846313477e-01
2.485369741916656494e-01,1.548918038606643677e-01,-3.181064724922180176e-01,-3.388819098472595215e-01
2.423737049102783203e-01,1.532528251409530640e-01,-3.175916075706481934e-01,-3.417091071605682373e-01
2.362202703952789307e-01,1.516164690256118774e-01,-3.170775771141052246e-01,-3.445318639278411865e-01
2.300668060779571533e-01,1.499801129102706909e-01,-3.165635466575622559e-01,-3.473545312881469727e-01
2.239034771919250488e-01,1.483410894870758057e-01,-3.160487413406372070e-01,-3.501817286014556885e-01
2.177500724792480469e-01,1.467047184705734253e-01,-3.155347108840942383e-01,-3.530044257640838623e-01
2.117496728897094727e-01,1.468177884817123413e-01,-3.158027827739715576e-01,-3.556279242038726807e-01
2.054387927055358887e-01,1.474508196115493774e-01,-3.167277276515960693e-01,-3.573624789714813232e-01
1.987277269363403320e-01,1.481483429670333862e-01,-3.181095123291015625e-01,-3.574534654617309570e-01
1.924382746219635010e-01,1.495566070079803467e-01,-3.192747235298156738e-01,-3.575850129127502441e-01
1.861388087272644043e-01,1.509670764207839966e-01,-3.204417228698730469e-01,-3.577167987823486328e-01
1.798492968082427979e-01,1.523752808570861816e-01,-3.216069042682647705e-01,-3.578483462333679199e-01
1.735598742961883545e-01,1.537835747003555298e-01,-3.227720558643341064e-01,-3.579798936843872070e-01
1.672604382038116455e-01,1.551940292119979858e-01,-3.239390552043914795e-01,-3.581116795539855957e-01
1.609709560871124268e-01,1.566022932529449463e-01,-3.251042366027832031e-01,-3.582432270050048828e-01
1.546815335750579834e-01,1.580105125904083252e-01,-3.262693881988525391e-01,-3.583748042583465576e-01
1.483920514583587646e-01,1.594187766313552856e-01,-3.274345993995666504e-01,-3.585063815116882324e-01
1.420926153659820557e-01,1.608292311429977417e-01,-3.286015987396240234e-01,-3.586381375789642334e-01
1.361467540264129639e-01,1.622868180274963379e-01,-3.296610116958618164e-01,-3.587872684001922607e-01
1.340009570121765137e-01,1.670555174350738525e-01,-3.313453197479248047e-01,-3.574144244194030762e-01
1.332964003086090088e-01,1.735288649797439575e-01,-3.335543274879455566e-01,-3.551886081695556641e-01
1.325929462909698486e-01,1.799919307231903076e-01,-3.357597887516021729e-01,-3.529663085937500000e-01
1.318895220756530762e-01,1.864549517631530762e-01,-3.379652500152587891e-01,-3.507440686225891113e-01
1.314498186111450195e-01,1.932243555784225464e-01,-3.399935364723205566e-01,-3.484548926353454590e-01
1.330879330635070801e-01,2.012223005294799805e-01,-3.411546349525451660e-01,-3.458430469036102295e-01
1.481951475143432617e-01,2.191611677408218384e-01,-3.409951925277709961e-01,-3.417385816574096680e-01
1.660623550415039062e-01,2.389023005962371826e-01,-3.407376706600189209e-01,-3.372762203216552734e-01
1.922897994518280029e-01,2.647589743137359619e-01,-3.414154052734375000e-01,-3.287939429283142090e-01
2.212070226669311523e-01,2.927969098091125488e-01,-3.425236344337463379e-01,-3.183495700359344482e-01
2.501701116561889648e-01,3.208793699741363525e-01,-3.436336517333984375e-01,-3.078885376453399658e-01
2.790872752666473389e-01,3.489173352718353271e-01,-3.447418808937072754e-01,-2.974441349506378174e-01
3.080042898654937744e-01,3.769552409648895264e-01,-3.458501696586608887e-01,-2.869997322559356689e-01
3.369674980640411377e-01,4.050377309322357178e-01,-3.469601869583129883e-01,-2.765386700630187988e-01
3.649077117443084717e-01,4.323195219039916992e-01,-3.482000231742858887e-01,-2.666271626949310303e-01
3.895168602466583252e-01,4.561742842197418213e-01,-3.492290079593658447e-01,-2.575876414775848389e-01
4.131009876728057861e-01,4.788809120655059814e-01,-3.501325249671936035e-01,-2.488332092761993408e-01
4.366888701915740967e-01,5.015910267829895020e-01,-3.510362207889556885e-01,-2.400774359703063965e-01
4.602728784084320068e-01,5.242976546287536621e-01,-3.519397377967834473e-01,-2.313230633735656738e-01
4.838570058345794678e-01,5.470041632652282715e-01,-3.528432250022888184e-01,-2.225686311721801758e-01
5.074410438537597656e-01,5.697107911109924316e-01,-3.537468016147613525e-01,-2.138142287731170654e-01
5.305668115615844727e-01,5.919988155364990234e-01,-3.546150326728820801e-01,-2.053845822811126709e-01
5.535637140274047852e-01,6.141694784164428711e-01,-3.554731607437133789e-01,-1.970471590757369995e-01
5.755506753921508789e-01,6.356179714202880859e-01,-3.562645912170410156e-01,-1.888688057661056519e-01
6.081342697143554688e-01,6.653861403465270996e-01,-3.569682836532592773e-01,-1.765392571687698364e-01
6.407176256179809570e-01,6.951543092727661133e-01,-3.576720356941223145e-01,-1.642097234725952148e-01
6.724761724472045898e-01,7.242947816848754883e-01,-3.584211468696594238e-01,-1.523482650518417358e-01
7.082253694534301758e-01,7.560803890228271484e-01,-3.592006266117095947e-01,-1.395655274391174316e-01
7.439662218093872070e-01,7.878608107566833496e-01,-3.599818944931030273e-01,-1.267828345298767090e-01
7.775959968566894531e-01,8.180894851684570312e-01,-3.609948158264160156e-01,-1.143219619989395142e-01
8.090893030166625977e-01,8.466405272483825684e-01,-3.619303107261657715e-01,-1.028266847133636475e-01
8.303023576736450195e-01,8.670480847358703613e-01,-3.626549839973449707e-01,-9.599918127059936523e-02
8.515472412109375000e-01,8.874945044517517090e-01,-3.633984923362731934e-01,-8.913251757621765137e-02
8.733791112899780273e-01,9.086495041847229004e-01,-3.644765019416809082e-01,-8.156815171241760254e-02
8.950059413909912109e-01,9.293261170387268066e-01,-3.652355074882507324e-01,-7.391753792762756348e-02
9.166921377182006836e-01,9.499257206916809082e-01,-3.657131493091583252e-01,-6.601461768150329590e-02
9.388899803161621094e-01,9.711028337478637695e-01,-3.659148812294006348e-01,-5.753016471862792969e-02
9.526933431625366211e-01,9.822523593902587891e-01,-3.660001754760742188e-01,-5.293089151382446289e-02
9.644156694412231445e-01,9.909162521362304688e-01,-3.660563826560974121e-01,-4.929468035697937012e-02
9.761400222778320312e-01,9.995815157890319824e-01,-3.661127090454101562e-01,-4.565781354904174805e-02
9.878622293472290039e-01,1.008245468139648438e+00,-3.661690354347229004e-01,-4.202160239219665527e-02
9.995847940444946289e-01,1.016909360885620117e+00,-3.662254214286804199e-01,-3.838536143302917480e-02
1.011307120323181152e+00,1.025573253631591797e+00,-3.662816882133483887e-01,-3.474915027618408203e-02
1.023029327392578125e+00,1.034237027168273926e+00,-3.663380146026611328e-01,-3.111287951469421387e-02
1.034582138061523438e+00,1.042771458625793457e+00,-3.664081096649169922e-01,-2.750030159950256348e-02
1.042401194572448730e+00,1.048709988594055176e+00,-3.676508069038391113e-01,-2.425032854080200195e-02
1.034399032592773438e+00,1.043433785438537598e+00,-3.699259757995605469e-01,-2.346608042716979980e-02
1.017627835273742676e+00,1.029854178428649902e+00,-3.732424378395080566e-01,-2.334621548652648926e-02
9.935141801834106445e-01,1.009504199028015137e+00,-3.778569698333740234e-01,-2.346536517143249512e-02
9.597364664077758789e-01,9.814055562019348145e-01,-3.835115432739257812e-01,-2.625286579132080078e-02
9.154269695281982422e-01,9.454945325851440430e-01,-3.904711604118347168e-01,-3.108304738998413086e-02
8.560206890106201172e-01,8.956794738769531250e-01,-3.972659707069396973e-01,-3.617048263549804688e-02
7.788133621215820312e-01,8.271856307983398438e-01,-4.119379520416259766e-01,-5.155223608016967773e-02
6.898463964462280273e-01,7.531414628028869629e-01,-4.318825602531433105e-01,-7.527564465999603271e-02
6.000144481658935547e-01,6.786172986030578613e-01,-4.515860080718994141e-01,-9.937670826911926270e-02
5.103257894515991211e-01,6.042119264602661133e-01,-4.712579846382141113e-01,-1.234393715858459473e-01
4.206365048885345459e-01,5.298060774803161621e-01,-4.909300804138183594e-01,-1.475021541118621826e-01
3.308048546314239502e-01,4.552822113037109375e-01,-5.106334090232849121e-01,-1.716030836105346680e-01
2.411158680915832520e-01,3.808765113353729248e-01,-5.303055047988891602e-01,-1.956658214330673218e-01
1.514269411563873291e-01,3.064709603786468506e-01,-5.499774217605590820e-01,-2.197283804416656494e-01
6.159520149230957031e-02,2.319469600915908813e-01,-5.696807503700256348e-01,-2.438294142484664917e-01
-2.809388935565948486e-02,1.575412899255752563e-01,-5.893529057502746582e-01,-2.678920924663543701e-01
-1.177828237414360046e-01,8.313570916652679443e-02,-6.090248227119445801e-01,-2.919547259807586670e-01
-2.076143324375152588e-01,8.611861616373062134e-03,-6.287280917167663574e-01,-3.160556554794311523e-01
-2.973035573959350586e-01,-6.579391658306121826e-02,-6.484002470970153809e-01,-3.401183784008026123e-01
-3.869925439357757568e-01,-1.401994824409484863e-01,-6.680722236633300781e-01,-3.641811311244964600e-01
-4.708128273487091064e-01,-2.101474553346633911e-01,-6.886994242668151855e-01,-3.920448720455169678e-01
-5.232733488082885742e-01,-2.552675604820251465e-01,-7.111191153526306152e-01,-4.348154962062835693e-01
-5.402370691299438477e-01,-2.704977989196777344e-01,-7.135514020919799805e-01,-4.633950293064117432e-01
-5.414261817932128906e-01,-2.676036655902862549e-01,-7.093213796615600586e-01,-4.775784313678741455e-01
-5.412156581878662109e-01,-2.634051144123077393e-01,-7.032007575035095215e-01,-4.871052205562591553e-01
-5.407472848892211914e-01,-2.594843208789825439e-01,-6.972367167472839355e-01,-4.954266250133514404e-01
-5.387552976608276367e-01,-2.577921748161315918e-01,-6.928704977035522461e-01,-4.988092482089996338e-01
-5.347863435745239258e-01,-2.589849829673767090e-01,-6.905677318572998047e-01,-4.957982599735260010e-01
-5.308237075805664062e-01,-2.601759135723114014e-01,-6.882687211036682129e-01,-4.927921295166015625e-01
-5.268610119819641113e-01,-2.613668441772460938e-01,-6.859695911407470703e-01,-4.897859394550323486e-01
-5.228919982910156250e-01,-2.625596821308135986e-01,-6.836669445037841797e-01,-4.867749810218811035e-01
-5.102045536041259766e-01,-2.560393810272216797e-01,-6.778127551078796387e-01,-4.809593260288238525e-01
-4.920173883438110352e-01,-2.446582764387130737e-01,-6.697175502777099609e-01,-4.733727276325225830e-01
-4.738014638423919678e-01,-2.332591265439987183e-01,-6.616095900535583496e-01,-4.657740890979766846e-01
-4.556143879890441895e-01,-2.218781262636184692e-01,-6.535145640373229980e-01,-4.581875503063201904e-01
-4.377385675907135010e-01,-2.107020616531372070e-01,-6.456271409988403320e-01,-4.507828652858734131e-01
-4.217197597026824951e-01,-2.007498294115066528e-01,-6.389852762222290039e-01,-4.444681107997894287e-01
-4.057263731956481934e-01,-1.908133178949356079e-01,-6.323538422584533691e-01,-4.381633996963500977e-01
-3.897330164909362793e-01,-1.808768957853317261e-01,-6.257225275039672852e-01,-4.318586885929107666e-01
-3.737142980098724365e-01,-1.709246784448623657e-01,-6.190806627273559570e-01,-4.255439937114715576e-01
-3.577207922935485840e-01,-1.609880775213241577e-01,-6.124491691589355469e-01,-4.192391932010650635e-01
-3.417275249958038330e-01,-1.510516405105590820e-01,-6.058178544044494629e-01,-4.129345118999481201e-01
-3.257341384887695312e-01,-1.411151736974716187e-01,-5.991865396499633789e-01,-4.066298007965087891e-01
-3.097151815891265869e-01,-1.311628520488739014e-01,-5.925445556640625000e-01,-4.003150165081024170e-01
-2.937218546867370605e-01,-1.212264299392700195e-01,-5.859132409095764160e-01,-3.940103054046630859e-01
-2.777285575866699219e-01,-1.112900078296661377e-01,-5.792819261550903320e-01,-3.877056539058685303e-01
-2.617096304893493652e-01,-1.013376712799072266e-01,-5.726399421691894531e-01,-3.813907802104949951e-01
-2.457162439823150635e-01,-9.140120446681976318e-02,-5.660086274147033691e-01,-3.750860989093780518e-01
-2.297229170799255371e-01,-8.146473765373229980e-02,-5.593772530555725098e-01,-3.687814176082611084e-01
-2.137041985988616943e-01,-7.151253521442413330e-02,-5.527353882789611816e-01,-3.624666929244995117e-01
-1.977106630802154541e-01,-6.157594546675682068e-02,-5.461039543151855469e-01,-3.561619222164154053e-01
-1.817172765731811523e-01,-5.163944140076637268e-02,-5.394724607467651367e-01,-3.498571515083312988e-01
-1.656986474990844727e-01,-4.168731346726417542e-02,-5.328307747840881348e-01,-3.435425460338592529e-01
-1.497051715850830078e-01,-3.175084665417671204e-02,-5.261993408203125000e-01,-3.372377455234527588e-01
-1.337118595838546753e-01,-2.181439474225044250e-02,-5.195680260658264160e-01,-3.309330940246582031e-01
-1.176928952336311340e-01,-1.186199113726615906e-02,-5.129260420799255371e-01,-3.246183097362518311e-01
-1.016996800899505615e-01,-1.925665885210037231e-03,-5.062947273254394531e-01,-3.183135986328125000e-01
-8.570623397827148438e-02,8.010858669877052307e-03,-4.996634125709533691e-01,-3.120088875293731689e-01
-6.968730688095092773e-02,1.796321757137775421e-02,-4.930213689804077148e-01,-3.056940734386444092e-01
-5.369411408901214600e-02,2.789956703782081604e-02,-4.863901138305664062e-01,-2.993894517421722412e-01
-3.770065307617187500e-02,3.783607855439186096e-02,-4.797586798667907715e-01,-2.930846512317657471e-01
-2.168181538581848145e-02,4.778834059834480286e-02,-4.731168150901794434e-01,-2.867699265480041504e-01
-5.688443779945373535e-03,5.772481113672256470e-02,-4.664854407310485840e-01,-2.804652154445648193e-01
1.030498743057250977e-02,6.766133010387420654e-02,-4.598540663719177246e-01,-2.741604447364807129e-01
2.629822492599487305e-02,7.759768515825271606e-02,-4.532227516174316406e-01,-2.678558230400085449e-01
4.231709241867065430e-02,8.755002915859222412e-02,-4.465808272361755371e-01,-2.615410089492797852e-01
5.831047892570495605e-02,9.748649597167968750e-02,-4.399494528770446777e-01,-2.552363276481628418e-01
7.430395483970642090e-02,1.074230521917343140e-01,-4.333179891109466553e-01,-2.489314824342727661e-01
9.032258391380310059e-02,1.173752099275588989e-01,-4.266762137413024902e-01,-2.426168918609619141e-01
1.063160300254821777e-01,1.273116767406463623e-01,-4.200448393821716309e-01,-2.363121509552001953e-01
1.223094165325164795e-01,1.372481584548950195e-01,-4.134134650230407715e-01,-2.300074249505996704e-01
1.383282244205474854e-01,1.472004503011703491e-01,-4.067715406417846680e-01,-2.236926555633544922e-01
1.543216705322265625e-01,1.571369171142578125e-01,-4.001401662826538086e-01,-2.173879146575927734e-01
1.703150868415832520e-01,1.670734137296676636e-01,-3.935087919235229492e-01,-2.110832333564758301e-01
1.863338053226470947e-01,1.770256757736206055e-01,-3.868669271469116211e-01,-2.047684937715530396e-01
2.023272216320037842e-01,1.869621127843856812e-01,-3.802354931831359863e-01,-1.984637379646301270e-01
2.183205485343933105e-01,1.968985646963119507e-01,-3.736042082309722900e-01,-1.921590417623519897e-01
2.343393564224243164e-01,2.068507969379425049e-01,-3.669623136520385742e-01,-1.858443319797515869e-01
2.466583549976348877e-01,2.164578735828399658e-01,-3.636472225189208984e-01,-1.830183863639831543e-01
2.589642107486724854e-01,2.260636538267135620e-01,-3.603439927101135254e-01,-1.802048832178115845e-01
2.712897658348083496e-01,2.356848269701004028e-01,-3.570354580879211426e-01,-1.773868799209594727e-01
2.835955321788787842e-01,2.452904582023620605e-01,-3.537323474884033203e-01,-1.745733916759490967e-01
2.953440845012664795e-01,2.543272972106933594e-01,-3.506454229354858398e-01,-1.718595176935195923e-01
3.041788041591644287e-01,2.604996562004089355e-01,-3.494375348091125488e-01,-1.702143698930740356e-01
3.127265870571136475e-01,2.663944661617279053e-01,-3.484081625938415527e-01,-1.686727553606033325e-01
