2.849433008 5.510332784 -1.12860319503887 0.337637330016045 -0.841419574008741 0.486790660265768 -1.00327733307302 1.36354775567875
-7.825696608 4.429625136 -1.30639359380875 0.609866114875125 -0.422457142711384 0.241024147563019 -1.29472750254148 1.33425007870175
-21.10834758 3.08502376 -1.44338396860902 0.93479781989516 0.183770879926732 -0.13797384720256 -1.56781877604906 1.26173706889937
-15.83047302 1.41998 -1.49319184176331 0.831359328478602 -0.104907579361146 0.015676331502407 -1.53177846329537 1.26249989023249
-4.878883312 -0.446125648 -1.47367399330797 0.585526957958198 -0.633491335329853 0.309367891232136 -1.34753622525844 1.28722262815222
6.751290272 2.450422176 -1.18621453239683 0.26058711071741 -1.0562495268293 0.570860329225286 -0.955168036267455 1.34145193455407
17.19394208 7.445553456 -0.76481633009989 -0.0703480516785828 -1.3397266904089 0.758296154340643 -0.490607070163142 1.34249735539431
9.044652432 11.16519838 -0.793557346024499 0.129488120053678 -0.959316502265391 0.60980782933796 -0.694797341164903 1.38947635206426
-4.784635552 17.46094875 -0.731243760455674 0.406965834614566 -0.303106603421369 0.345251234976051 -0.899393415085451 1.44587357338902
-5.576316736 16.17289603 -0.794870172613033 0.438458937351607 -0.297788807100181 0.323701434689578 -0.949263722216171 1.43873456175951
10.84792624 2.55095312 -1.10394333514303 0.147385728605673 -1.21324941902419 0.652239555179543 -0.818327919158317 1.34020838381631
25.64482456 -9.726388416 -1.17775995418098 -0.287017651863998 -2.11916348526041 0.975460969432924 -0.347107806457271 1.21129767527489
14.18429694 -8.494884352 -1.46704471228912 0.115318067601151 -1.59777823877879 0.763608446407835 -0.901039715639569 1.25184550754233
-5.45693624 -4.806655344 -1.65922125012836 0.64175478513339 -0.681886807233212 0.294557050953395 -1.47045404730692 1.2256439751644
-11.7149875 -4.040106896 -1.69185335431464 0.792198255972528 -0.381348999363145 0.120184819474272 -1.59840472334528 1.19966561054312
-7.071714528 -7.225681184 -1.77866835295588 0.707245497587965 -0.64754037701183 0.250971805211345 -1.57343526518946 1.17755647668932
-1.712158576 -10.91391019 -1.86462471371168 0.598478401834313 -0.956000239808267 0.404811535016695 -1.51849610575272 1.15314648062042
-1.34145072 -3.122762032 -1.53731922100548 0.519822214523113 -0.832933533668915 0.398147339110549 -1.31950969693747 1.26839444458472
-1.617910816 5.642279648 -1.18653722151169 0.448177680984812 -0.660449949992127 0.389405250965002 -1.11901224115916 1.36028771347741
-0.17906168 3.49343072 -1.25404413362591 0.431796676304576 -0.759295871772989 0.421110369672453 -1.13242304838615 1.3430858364664
0.995893728 1.614758704 -1.31287085108474 0.418340690009909 -0.842718169233914 0.448250062130567 -1.14401934173218 1.32755161572907
-1.09012336 3.55626256 -1.26392357642438 0.454059665720232 -0.720959198838602 0.400519780064622 -1.15492860039395 1.34198715460344
-4.979414256 7.16909336 -1.16467976389731 0.515072390189137 -0.494370483144776 0.314295165075563 -1.1628276205959 1.36884731893348
-4.941715152 8.532544288 -1.10837014324722 0.500890583698992 -0.470869298800123 0.317568920602589 -1.12830735138384 1.38121931178433
7.084299024 6.98059784 -0.999256966199112 0.215788608766592 -0.975231460248272 0.572731827836646 -0.846813502131133 1.37221715185429
23.15040051 4.894580752 -0.698431790388597 -0.243254943589025 -1.61913822373944 0.861116238561146 -0.285348702029339 1.29368192077461
25.08562118 3.757324448 -0.680021580213011 -0.304209660454378 -1.71992897484657 0.893947971282614 -0.211064617343467 1.27277547537213
19.96482622 2.205378 -0.899257890522955 -0.123431438010858 -1.56796922629703 0.817492116544727 -0.473276046069955 1.30875045358488
16.15721672 0.207325488 -1.07731448902024 0.00724773168137829 -1.47068005492015 0.758213752521526 -0.666532757688086 1.31538109672727
12.7077487 -8.400636592 -1.49754708778912 0.16119795392471 -1.53341950120254 0.733172022573842 -0.960171829675432 1.25116089473936
7.51783872 -21.356562 -2.15782671361884 0.396295318433305 -1.60693354553028 0.723686762967452 -1.42697858671058 1.03310546584117
5.03598104 -24.85629549 -2.37541823722956 0.500829664956028 -1.56592710059586 0.697555396184671 -1.61385457577212 0.922375971340737
-3.471450096 -20.16275704 -2.30071389439974 0.735265130756158 -1.03173493658686 0.390696127241679 -1.81646983992635 0.93960253387893
-16.59073829 -12.91824589 -2.1143871298637 1.0229552066836 -0.244778346306485 -0.0666703339149838 -1.95445900748338 0.968951896863272
-20.2789673 -8.846742656 -1.95461438531865 1.06626260048565 0.000271727765838004 -0.183493089970204 -1.90093276562344 1.03113846259853
-17.9604724 -0.37072744 -1.57958846444219 0.902652254690378 -0.024572281259836 -0.0571371763620443 -1.61753121789513 1.22201440506343
-15.45976517 8.689623888 -1.18577729127316 0.740949477796303 -0.00934736484430942 0.0570443478457128 -1.32877344024407 1.36098491137814
-11.6772884 12.06997688 -1.020564958112 0.619121871618841 -0.120979743233518 0.168287338822215 -1.17396219567055 1.40415443188696
-1.65560992 17.89448845 -0.677399351426964 0.330662629762348 -0.416342099859847 0.411886071490649 -0.820044082843631 1.44377557423906
5.833945408 22.23616859 -0.376023038209475 0.106440202646198 -0.595581768426394 0.571162049864994 -0.523725130836451 1.43272835564935
-9.088616592 6.968031472 -1.21374450533721 0.613873573990928 -0.324023205548823 0.215298771289646 -1.25701290867438 1.35836871564604
-4.57729048 3.505997088 -1.30943374189123 0.540571962452044 -0.577154873426481 0.319105848633295 -1.24330068417116 1.33340207643413
-1.49853032 1.112103984 -1.36802558933804 0.486247088781276 -0.749264476127203 0.391272451952863 -1.22339568499953 1.31646128842499
-4.407644512 -1.237806832 -1.50031629508038 0.581172336102002 -0.667563773443069 0.321077622505911 -1.35519277183875 1.27927888202969
-11.18720005 -6.283203584 -1.78142595392905 0.803243255258587 -0.439100026853714 0.131831243468908 -1.64709199536921 1.16460694984068
-13.61250907 -8.281256096 -1.8876558131223 0.887675284214711 -0.347205488753308 0.0521967063612648 -1.75565381817178 1.10704300288784
-0.436672224 -0.289046048 -1.41002635595345 0.47158457000667 -0.819337060892647 0.416889598271245 -1.22777961319135 1.30448004236718
18.89668494 11.40395938 -0.558586433723676 -0.150451895992945 -1.30610056886323 0.783143977103861 -0.346029275803406 1.33958635364509
22.7608431 12.59148115 -0.394765660755271 -0.28127777594064 -1.41024861489419 0.844902636159282 -0.161809311205374 1.30366932021657
15.15819046 3.097590128 -0.987622690925019 0.0194320664789064 -1.36536862408293 0.731375529816489 -0.651808069413389 1.33390622433946
7.756599712 -6.138690352 -1.51005386350463 0.295218191757125 -1.27565557848443 0.616729320880452 -1.10248986315919 1.26456762948463
7.951378416 -4.775239424 -1.45171720519776 0.280295563662275 -1.25485639798498 0.615435879232025 -1.0675569742828 1.27915402470391
11.6081915 3.6190944 -1.04589211547233 0.118396985531042 -1.21902925709728 0.66453864366673 -0.770432014582259 1.34561911561617
14.66810211 10.61227819 -0.697629273823668 -0.02006126371666 -1.17517620889924 0.71165923140134 -0.520360737342953 1.36512226892699
11.96633299 6.804668688 -0.911463319975247 0.0850679476265045 -1.16240532674241 0.666165444001527 -0.69311862548896 1.36164126704635
3.006512608 -6.452849552 -1.60701077927385 0.431186105117901 -1.08140212495215 0.509961111905666 -1.26766398190418 1.24490323924539
-3.892423424 -16.65045718 -2.1454621960959 0.713243155380136 -0.951463760346871 0.361666562584036 -1.73314688797425 1.02108206073853
1.240937904 -13.55913066 -1.93165030728709 0.537434044458006 -1.14051515267574 0.494452375307812 -1.4892306611199 1.1293504732887
15.25243822 -4.278867888 -1.27512819865679 0.0602071424011581 -1.5408936834711 0.760524204480645 -0.783034543644806 1.28760597744352
24.32535592 1.778121488 -0.783414947216482 -0.267900321221955 -1.74349353783682 0.888886935891013 -0.2790164703809 1.27553633482572
20.54916234 0.829360704 -0.936621406977404 -0.135090275527898 -1.62426078761183 0.832044581490717 -0.470719092232803 1.29981795830404
15.75509294 -0.502674304 -1.11495853397384 0.0236824127725943 -1.47175663154944 0.75350673598558 -0.695400501798941 1.3123005881458
7.938812048 -4.14063784 -1.42661270586235 0.27626118640724 -1.24092690246891 0.61279058361644 -1.05489135837393 1.28542054907454
-6.927201296 -11.53594541 -1.96018373475609 0.746990080012594 -0.721767856747204 0.257827345893492 -1.68326748538003 1.10018105988983
-14.39790707 -16.11638654 -2.24269653897964 1.00460467827962 -0.398595700159437 0.00434046269011956 -2.00433236337879 0.908514516136337
-7.574369248 -17.61806752 -2.2387551382506 0.829479489174932 -0.780797702373825 0.246530109287624 -1.87075533882483 0.955218386121228
0.486955824 -19.39620859 -2.2020555320172 0.607852752947847 -1.217129834267 0.508158188175774 -1.65932473050217 1.0051583669432
0.958194624 -17.85054533 -2.12408279957865 0.58070683348842 -1.21012483214323 0.511255397001777 -1.60354103137724 1.04424414292042
-2.31534424 -12.0888656 -1.92326635818807 0.625754157497417 -0.948885002288688 0.39189301707877 -1.56600808430557 1.12809248387845
-4.866316944 -7.65922088 -1.77044624466496 0.65367485449972 -0.756011140227211 0.312505276480609 -1.5268795617169 1.18526695279103
-6.192068768 -3.54373536 -1.61572485583692 0.648328597871787 -0.628037737023964 0.274885611403343 -1.45722926978991 1.23996481479066
-9.03835112 5.899890192 -1.25735159396878 0.623648175711358 -0.344660626567956 0.213892874060152 -1.28325492541064 1.34703891030252
-10.62171349 12.12652554 -1.01074308273046 0.594888261245437 -0.165792528478842 0.194121858434511 -1.15332524687273 1.40602007591018
-7.5932188 13.70360472 -0.919256714973731 0.509971733416461 -0.264143994069345 0.270529093756632 -1.05406463640378 1.42160431064007
-2.459857472 16.40537384 -0.751184111007665 0.36459826782924 -0.416380988548606 0.390671319568706 -0.876097808603032 1.43731515076183
0.744566368 14.52670182 -0.790002260975391 0.307671023695614 -0.578652621085386 0.451760885541636 -0.847070616885728 1.42295706056566
7.744033344 -1.080727232 -1.3084830494813 0.2599870598162 -1.16879274245407 0.598975991618779 -0.997905749176837 1.31330355388871
15.84305752 -19.13231486 -1.85873102467694 0.0964334621720176 -1.95191294943915 0.896208606815212 -0.991341930211648 1.12841979449245
15.84305752 -21.50735842 -1.96041071113294 0.0995985691947188 -2.02340938738199 0.928967177898347 -1.02219147467733 1.0910900898876
9.74836904 -17.64948344 -1.94514470074248 0.303017775303187 -1.62336885303843 0.740265764035876 -1.25569824952471 1.11968284583184
3.791910608 -13.91727214 -1.90343951656477 0.465467886726414 -1.26473068582572 0.562933576990672 -1.40982476842702 1.14163707587086
0.95191144 -12.72346718 -1.9006778713653 0.538953153374799 -1.111264012163 0.482828264556181 -1.47880399599494 1.14162360105807
-7.348174624 -9.870901648 -1.89370047884759 0.741268965624442 -0.675910020259723 0.244005212029327 -1.64998960387696 1.12864545392592
-15.00109274 -7.225681184 -1.85307826022719 0.910843307337537 -0.263378605095877 0.0100054378386066 -1.75495917830749 1.11657631819518
-16.65985331 -7.810017296 -1.88967537726587 0.960129587353289 -0.184894482093752 -0.0477320114192219 -1.80457976843747 1.08986081566215
-18.13011837 -9.299131904 -1.96358094721916 1.01664483707597 -0.123085090605976 -0.106405566362819 -1.87613998643279 1.04225057602566
-17.19392395 -11.19037029 -2.04128395031597 1.01656471495041 -0.19392180331898 -0.0813602660225814 -1.91450053717493 1.00632555287901
-11.68357158 -15.49435133 -2.18822789823529 0.921154703203384 -0.537937108432043 0.1044347052129 -1.91921824984254 0.960347378432692
-6.952334032 -19.18258034 -2.30356811240587 0.82866664742751 -0.835976836111597 0.27124903143245 -1.89824916401272 0.921111206802687
-1.34145072 -9.405946032 -1.79585720371357 0.574979503706013 -0.945926466673963 0.41037032913352 -1.47038270584307 1.18032327583359
7.065449472 6.88635008 -1.00337982654398 0.21705192223988 -0.976482560998557 0.572410776462842 -0.8494479120802 1.37166904383023
10.83535987 7.703164 -0.898805361386477 0.109429773386115 -1.1006670264123 0.644251978663282 -0.71235185074091 1.36902630671798
12.08571349 -6.232938112 -1.42510930196087 0.168192797625178 -1.45732525006211 0.708354882262983 -0.944681417830119 1.27136400471883
11.80925339 -14.38851094 -1.76109350880731 0.21983898599113 -1.63791649067612 0.757688622744593 -1.10613800970065 1.17902566038562
5.079963328 -7.087451136 -1.59749727154718 0.378173131522111 -1.18251336194126 0.56060661530883 -1.21422251823862 1.24530230593634
-3.25782184 1.910068352 -1.35839548420812 0.523061744363711 -0.661174341388499 0.349684555462903 -1.24967118920103 1.32001957502758
4.746954576 8.827853936 -0.964641200004292 0.260834006102324 -0.848067728866197 0.525910698060328 -0.874515592845161 1.38585212373678
2.943680768 17.23475413 -0.64337454284439 0.228227405072042 -0.603972299359895 0.501595118172246 -0.725364785739651 1.4307642041107
4.162618464 12.86794125 -0.808573138818799 0.239700482243428 -0.742285647624748 0.517312578293834 -0.797815039551837 1.40886335490145
1.410583872 6.32086352 -1.11748887299633 0.366943912806143 -0.76876495313563 0.456162944282065 -1.02417920478815 1.36907668287266
-2.089149616 -2.016921648 -1.50254795750129 0.529328405805718 -0.781028806154365 0.378789639288114 -1.31356796351425 1.2789736597098
-0.417822672 0.464936032 -1.37936070671596 0.46450926663677 -0.806145473273511 0.416771134206718 -1.20962602882281 1.31259187645453
6.349166496 12.54749886 -0.78560897189976 0.187462396088563 -0.830393976528058 0.559487435293473 -0.744032738923842 1.40265846768223
11.31288186 21.37537238 -0.309922204203723 -0.0249118278633032 -0.806389606490227 0.666610841074423 -0.386841265996585 1.40023147385955
7.473856432 15.77077226 -0.630944034883729 0.129491889198805 -0.801462068176011 0.584791151908196 -0.636886665501243 1.41137962699679
-3.025344032 0.389537824 -1.41710062966249 0.531275119264938 -0.698181037464107 0.355074591628549 -1.28042016014059 1.30387804311732
-10.23215608 -10.15992811 -1.93746264934796 0.820755428949921 -0.540786556361836 0.156610615748348 -1.73048646633626 1.09855823312824
-5.01711336 -14.47647552 -2.06419834828149 0.723940503346241 -0.860619223369926 0.320552936343254 -1.7085014704901 1.05751539170922
3.314388624 -20.42036758 -2.19887615271869 0.527619997946656 -1.37780051525377 0.598333434930369 -1.57919009988807 1.01189606093137
7.015184 -19.20142989 -2.07132536812307 0.400761914691711 -1.53081714467893 0.6873214682239 -1.40283859908053 1.07194981640164
8.265537616 -13.10045822 -1.78402340757566 0.324970676493442 -1.44906059388519 0.666911888260266 -1.22622630499066 1.18072967429938
-3.113308608 -1.168691808 -1.48144433657441 0.54779418283084 -0.722108490643849 0.353226364119097 -1.3202918713943 1.28528782884978
-23.10011691 -1.024178576 -1.62277809287459 1.03340510078562 0.239675636095627 -0.232873014103713 -1.71201429249674 1.17708640587263
-14.60525214 -5.529221504 -1.7777548356384 0.88104160824319 -0.261357424406521 0.028190737159797 -1.6993833167872 1.15286832041367
-3.264105024 -11.54222859 -1.91325206097201 0.647031680374706 -0.895245188997166 0.363882539475969 -1.58040727199866 1.13050870294056
1.23465472 10.28555262 -0.958937321681254 0.335685900430696 -0.683633093222683 0.455052466065579 -0.936250105954421 1.39746185031207
-15.59799522 1.815820592 -1.47527674514063 0.821392154238577 -0.110350038062832 0.0240906927413715 -1.51692221116001 1.26959999519472
-17.1750744 0.483785584 -1.5397314402699 0.873934676858689 -0.0522665387025799 -0.0287551115762138 -1.58066333511337 1.24068656368174
-11.74640342 0.339272352 -1.50987618906426 0.745929366099967 -0.314133455026429 0.129136453231733 -1.48290934532585 1.26704946408479
1.027309648 -4.89461992 -1.57494887859542 0.47241558084871 -0.966940514697123 0.458565132568668 -1.2929553526517 1.25614031042134
14.7497835 -10.49293686 -1.53304034937572 0.106432006324784 -1.67074763435741 0.788640786815398 -0.91097170603919 1.2325751050599
13.4177485 -8.66453032 -1.4918006316426 0.140383386973374 -1.56956921131576 0.749273243189225 -0.935926877934367 1.24945086610791
2.472441968 -0.169665552 -1.36218506691051 0.395039029230253 -0.937244483235333 0.483272771843781 -1.14254832834073 1.31326113932922
-6.160652848 6.565907696 -1.20205619518918 0.549060695813876 -0.455960544661034 0.285471910165786 -1.20446183026232 1.36086077156355
-4.646405504 8.256084192 -1.11646424351204 0.496590403322721 -0.488134973619421 0.323836826877321 -1.12842468688968 1.3791773446101
0.901645968 11.60502126 -0.909413500867414 0.33161849316851 -0.64428292755823 0.449813039491816 -0.913513041139041 1.40604070842723
4.75323776 13.91094979 -0.755713953108057 0.21538989216023 -0.742280784957418 0.530264822953409 -0.75720605956043 1.41249843994584
-0.763397792 12.37156971 -0.900141602072242 0.364522652769419 -0.56432304695028 0.416356618057533 -0.93645697557062 1.41189147356384
-9.6352536 9.83944656 -1.09921525978478 0.596743854424577 -0.249776379239601 0.210104110999296 -1.19418254496822 1.38612888512202
-10.4583507 9.374490944 -1.12521033220909 0.620419439065132 -0.222464589413391 0.188480770198378 -1.22215972370967 1.38008092277618
-1.102689728 11.15263202 -0.954960232430565 0.384281939965861 -0.575222173250001 0.407029976478998 -0.974238350870746 1.40394476678696
7.348192752 12.7674103 -0.758943631538934 0.159901080968348 -0.862459017697917 0.578741274906035 -0.709963885271093 1.40097658621177
7.115714944 13.94236571 -0.714256903851678 0.155382521465339 -0.828528742327402 0.57553588488507 -0.6898103786171 1.40629255044242
5.123945616 16.10378101 -0.657337000296005 0.185616420193423 -0.708786875840024 0.54109238020994 -0.695063130266246 1.42033749453353
7.285360912 15.61997584 -0.640720384876594 0.135704340608596 -0.79798748455772 0.581036322879899 -0.645871922499118 1.41158793484066
16.69757054 11.630154 -0.606703769010993 -0.0866013753686059 -1.2235186005838 0.746285737888501 -0.425549285998146 1.35562557769821
24.31278955 8.381747872 -0.519944948172316 -0.30356724141426 -1.57172943260536 0.872093637089313 -0.171025795479459 1.28655432650995
15.63571245 6.358562624 -0.846774186315834 -0.0165935183797886 -1.30810759852247 0.732982940367455 -0.570979018111334 1.34651000793188
-5.01711336 2.33104168 -1.36225911963161 0.562528184742381 -0.579284118277891 0.307466938480589 -1.28264032321021 1.31936129003808
-16.84834883 0.025113152 -1.55736285797217 0.871510667854448 -0.0748469068351016 -0.0207783622300403 -1.58772979611482 1.23510597000023
9.62270536 9.55670328 -0.848012381661646 0.127474568773343 -1.01546912098733 0.620598456689106 -0.711940745341843 1.38087468314459
-3.861007504 -1.036744944 -1.48545300899876 0.565504385687893 -0.687676814261998 0.334719693695825 -1.33638191366172 1.28398287981839
-8.510563664 -6.013026672 -1.7436403120747 0.732093575234894 -0.561714356530007 0.210372902461798 -1.57743309364339 1.18801945303088
-4.941715152 -6.886389248 -1.73915718173494 0.648283445212154 -0.739725205823048 0.30968055768291 -1.50935833936408 1.19708765784396
-13.03445614 -5.77426568 -1.7759792796053 0.844373074425926 -0.342310542814318 0.0766328462616828 -1.67366083518224 1.1601626061272
-2.397025632 -16.7635545 -2.12873493745541 0.670857072649494 -1.02685389122569 0.407347350435417 -1.68885383570559 1.03415336116236
5.375272976 -19.28939446 -2.10819330845452 0.454145564981581 -1.45376883021849 0.644875544608928 -1.47160574936113 1.05602383222787
10.28872286 -12.00090102 -1.69638474239078 0.255977392801639 -1.51345634513962 0.705232501449562 -1.12474058423147 1.2042488444066
12.80827965 -7.18798208 -1.44697160610206 0.151526142867951 -1.50927737938407 0.728130318955652 -0.933974801447848 1.2630944910352
10.62173162 -3.612850384 -1.35238014486508 0.195597668014476 -1.3388393532623 0.666681043423939 -0.94927392623938 1.29374309277028
7.844564288 0.929891648 -1.22676051368723 0.242454915175478 -1.13078512139901 0.596130085427569 -0.952462486699155 1.32995042810842
16.09438488 -1.84727568 -1.15934361136107 0.0208848754252552 -1.51672387454172 0.765047562416575 -0.705798689399476 1.3031247673404
17.42641989 -8.017362368 -1.36693479667991 0.0079456841931016 -1.72183189290717 0.823019077965396 -0.751818137660814 1.25562452332991
15.01367723 -9.028954992 -1.4682477474466 0.0913052498992969 -1.64575747118697 0.783568562300617 -0.874909431060188 1.24728295886112
0.851380496 -0.24506376 -1.38974842270436 0.43796206555593 -0.872019308644604 0.446668799643857 -1.19088660741434 1.30855849573817
-13.97693374 8.984933536 -1.16541351368134 0.704343643536922 -0.072674748482429 0.0976643012801813 -1.29618145550432 1.36819603003992
-13.14755346 5.62971328 -1.30079583453339 0.722105753393648 -0.166182390631564 0.106790940910971 -1.37069366418741 1.33133991078837
-7.97020984 -2.375063136 -1.58697265184386 0.681513993342701 -0.529127730512692 0.227919728857639 -1.47047234376698 1.2473600199825
-3.678795168 -7.75346864 -1.75914839705554 0.623093308065337 -0.811538394644054 0.344771330621142 -1.49682028838937 1.19143219118567
1.963504064 -13.13815733 -1.90175874200643 0.513135840986851 -1.16556523505795 0.511396252815379 -1.45502904047309 1.14185511353793
5.965892272 -16.93948365 -1.99293662116547 0.42022346632826 -1.42955987597005 0.639862161857239 -1.39632361945114 1.10543769449392
2.447309232 -13.42090061 -1.90565768811523 0.501277074216061 -1.19325495389775 0.525468521638427 -1.44522863804407 1.14052961116737
-7.480121488 -3.487186704 -1.62768040632277 0.680355793963863 -0.569176046467293 0.240361688171064 -1.48727551499211 1.23382540727709
-14.51100438 3.512280272 -1.3978635287553 0.776941586691149 -0.136522434353659 0.0617603363489228 -1.45181477759285 1.29873466054728
-12.70144739 5.793076064 -1.2909486752845 0.710035917803635 -0.183834061345963 0.119245877872626 -1.35814258025235 1.33480967250343
-4.51445864 13.40829507 -0.901377435291716 0.442543844383976 -0.395445147572762 0.338295954572798 -0.997283283187009 1.41991580882741
3.031645344 20.45802752 -0.501233275849529 0.193477722727061 -0.535890772372275 0.512598229611463 -0.642402616229495 1.44104153072055
7.021467184 4.492456976 -1.10000289592074 0.237399256116509 -1.02457982812835 0.573552625717122 -0.902785160067234 1.35623348438066
5.582618048 0.691130656 -1.27677307901966 0.305613393151611 -1.045910101506 0.549537047627988 -1.02964190106839 1.32638391928929
2.80545072 -1.834709312 -1.42375519492052 0.399841258862193 -0.983181569901779 0.493557077724303 -1.17016430333535 1.29711949474937
-2.949945824 -2.934266512 -1.55119977938062 0.55975933163904 -0.760282582614701 0.358209847765426 -1.35870228103044 1.26394438171976
-6.77640488 -4.040106896 -1.64280082991205 0.66802689747843 -0.609926308319834 0.259165688550592 -1.48424815488233 1.2295703213888
0.518371744 -6.327185872 -1.64107921948242 0.498067798556672 -0.971843426329444 0.449608602191297 -1.34143333291946 1.23543485151208
12.02916483 -9.933733488 -1.57428737098493 0.19049255101911 -1.54062405375491 0.72876928435336 -1.01572959830727 1.23384139541655
13.82615546 -10.40497229 -1.55180654562656 0.135933991925644 -1.62892391584137 0.769283589102788 -0.94937338436357 1.23222065557317
1.222088352 -5.925062096 -1.61391586228404 0.475693997213622 -0.994707028866484 0.465750839238553 -1.31090494490674 1.243939829637
-14.3853407 -0.345594704 -1.55804933809298 0.816852933578258 -0.200186008351046 0.0517008202342983 -1.55320621505068 1.24307547926771
-16.00011899 2.029448848 -1.4685992042826 0.82842396163955 -0.0878026097398876 0.0131716103927532 -1.51816063644129 1.27080314924137
-5.36268848 9.456172336 -1.07488263717886 0.501727525176634 -0.436405899256629 0.309772126424317 -1.11480962252733 1.38872184190676
7.806865184 18.64847053 -0.501109747116292 0.093576331106629 -0.748720002681912 0.596646429339106 -0.558645965749842 1.41738408760898
9.333678896 16.29855971 -0.573708981869443 0.0765831507903099 -0.856235076376944 0.619845478653188 -0.569543439683358 1.40525542742524
6.914653056 8.256084192 -0.950892768586109 0.209746596265484 -0.942131214226029 0.568928423884591 -0.823920588248108 1.37989081863471
6.487396544 3.260952912 -1.158606519753 0.261329689310192 -1.02924717269369 0.564252418241498 -0.945945000197825 1.34752742992785
8.252971248 0.188475936 -1.24853821884009 0.236664149702675 -1.16246150425912 0.606197617844369 -0.954534957417658 1.32420855229845
9.87403272 -2.117452592 -1.30837535898164 0.20729921443616 -1.27614037091425 0.645968432519379 -0.946314359616149 1.30606385290374
12.24279309 -3.443204416 -1.3112497558881 0.146864234690372 -1.40045232355726 0.698500571618769 -0.885938436225273 1.2957576483566
14.9068631 -4.932319024 -1.30909496317419 0.0744325460062813 -1.54243476171781 0.757249001762793 -0.808684379889479 1.28288488789742
10.92332445 -3.436921232 -1.3391435323978 0.185670898650143 -1.34715128411762 0.67209539293886 -0.934820890089038 1.2954498181801
5.921909984 -1.445151904 -1.35601798028627 0.312814879342718 -1.10290511985383 0.561382067262026 -1.06503580386391 1.30767055391409
-9.497023552 14.33192312 -0.908377744472582 0.546104014457797 -0.172406896076681 0.229059737333538 -1.074417798285 1.42572693621096
-5.714546784 16.44307294 -0.784597705624315 0.438754046319428 -0.286758789158495 0.321651489764654 -0.945102150726388 1.44052988507011
-4.439060432 16.95829403 -0.749425337811106 0.404388238245203 -0.32719781379579 0.350822655593433 -0.905160122451279 1.44261980465598
-8.680209632 13.18838363 -0.950507949133339 0.539941615252894 -0.228627372778787 0.243811479044451 -1.08881143535146 1.4169614716602
-14.47958846 8.029889568 -1.2085055576433 0.726235599371908 -0.0656980812396716 0.0804219879283872 -1.33030826300794 1.35597205754754
-3.779326112 -4.731257136 -1.63542545189688 0.597703609279485 -0.75527514391922 0.338541192830723 -1.42468531801314 1.23579636066556
-15.86817213 -1.84727568 -1.63059397679704 0.869652784933961 -0.149149025426729 0.00164022099583028 -1.62185322755199 1.20989106562531
-5.20560888 3.041041472 -1.33551572487077 0.560341066957859 -0.55880403594069 0.303512548689772 -1.26968048256494 1.32664304564454
10.9798731 7.363872064 -0.909501499752692 0.108094639123643 -1.11344926094999 0.647247090053325 -0.714698892689703 1.36701804545944
13.20412024 3.707058976 -1.00811126716286 0.0723649499236802 -1.2776549760005 0.694243268245475 -0.712239605319361 1.34266763586519
10.04996187 -6.597362784 -1.48291973404328 0.231309594423403 -1.38116891071941 0.668038040575692 -1.0289542456928 1.2649133163724
8.05190936 -11.85638779 -1.73675140934083 0.323850747053771 -1.41187826315642 0.653582389880451 -1.20909377791151 1.19685773036458
6.971201712 -7.319928944 -1.57250556954633 0.325919560781516 -1.26758530043873 0.604509188264967 -1.15455500136372 1.24917698656313
5.66429944 -1.866125232 -1.37733661200508 0.323033455795622 -1.10099621518819 0.556880459169468 -1.0823307714172 1.30324101061332
3.107043552 -2.186567616 -1.43306536079614 0.394630423850903 -1.00248828381154 0.50107471290355 -1.16895721274063 1.29422866889876
-2.177114192 -5.485239216 -1.6452686835298 0.562679659404326 -0.838981380484916 0.380527212574289 -1.39936255224662 1.2335464408502
-5.312423008 -7.420459888 -1.76600307823629 0.663138916312561 -0.731686175737183 0.300051192102143 -1.5327461665257 1.18619171404238
0.430407168 -10.09081309 -1.79794838681419 0.531928192702652 -1.03808620460491 0.458650818553244 -1.43275164906013 1.18084273010901
6.820405296 -12.96222818 -1.806923709032 0.368178528870223 -1.38146980218152 0.631818168207907 -1.27847966991794 1.17519025831048
10.11279371 -7.634088144 -1.52313752164208 0.235845453794705 -1.40680597177927 0.674621429218024 -1.04693713228016 1.25431461691406
13.48058034 3.17927152 -1.02287270493107 0.0680020969580377 -1.29997586980747 0.700551314215245 -0.712595099310012 1.3391148471878
14.54872162 6.597323616 -0.862775890169736 0.0133667536409774 -1.26261367500347 0.713350156448383 -0.60635370635919 1.35198437875863
13.70049178 3.882988128 -0.990095597645184 0.0568466375958737 -1.29245621350811 0.703004692341621 -0.690807957518418 1.34228500335445
8.893856016 3.49343072 -1.10516955994454 0.194601809771914 -1.11776359743572 0.61226410421945 -0.8644234531641 1.34832824930865
-0.43038904 5.28413816 -1.18526118629653 0.422094466843721 -0.71524075409471 0.415744425978334 -1.09706657211018 1.35878144171551
-0.889061472 2.243077104 -1.31418221095865 0.460769326016117 -0.753649421041996 0.40514850014285 -1.18058592934738 1.32962536860263
6.122971872 -3.901876848 -1.45060678183545 0.325573974621686 -1.16126623001831 0.572699549609489 -1.11108171199625 1.28400172506267
-5.978440512 -8.651963952 -1.82580076394577 0.692697261854742 -0.721059153401954 0.282601156473239 -1.58200993413041 1.16102422037457
-8.893837888 -10.46780413 -1.93663468642855 0.788610583472319 -0.610615799927919 0.197817993106533 -1.7057326906438 1.10415439805679
0.141380704 4.329094192 -1.21590943524365 0.416348807759147 -0.756446953731811 0.428247072872848 -1.1043889199604 1.35118148757102
6.468546992 2.167678896 -1.20249144647164 0.270369704277124 -1.05095121748722 0.565497260874131 -0.970109653645839 1.33917872290052
9.208015216 11.89404773 -0.760510836856581 0.118987048149956 -0.949415979676651 0.613112930231092 -0.673584558863865 1.39189624169222
14.76234987 9.355641392 -0.746679534250153 -0.0130781463867402 -1.20740727436516 0.714026879515002 -0.542954011995723 1.360965145145
19.88314483 6.999447392 -0.711228566000117 -0.149742877162445 -1.4478224656643 0.804134835924448 -0.391379151381375 1.32437339913567
11.50766056 -1.5645324 -1.25286503163307 0.156581048204878 -1.32916274439008 0.676768619770494 -0.876914107189389 1.3107159984133
15.2210223 5.183607216 -0.903478711240544 0.00367885175168164 -1.31981161824713 0.727779693539244 -0.609373865886148 1.34342981214988
18.16155242 10.53687998 -0.614129155764369 -0.121675914520128 -1.30110233455269 0.771389896876934 -0.39222936002842 1.34377231581217
12.27420901 7.803694944 -0.864830140761883 0.0689408870864286 -1.15167665426567 0.670762138236439 -0.661951782788903 1.36522053331143
0.914212336 2.060864768 -1.29613956171007 0.416596871936771 -0.830902870119843 0.44612102274619 -1.13601131391003 1.33165820668001
-1.7812736 -4.310283808 -1.59174997590181 0.541809114430606 -0.83533719535942 0.388816529498058 -1.36004861432769 1.25132789070803
-5.249591168 -5.99417712 -1.70586693527934 0.647788692324685 -0.710954215582857 0.300680319119663 -1.49497404984851 1.20902760085772
-9.22684664 -7.935680976 -1.83207555371861 0.770557183722853 -0.557125929500933 0.188534498331474 -1.64565857193285 1.14951812821198
-6.52507752 -2.796036464 -1.58871766972501 0.649455423895242 -0.60082185169401 0.266244254401206 -1.4465785218558 1.24883163447876
-2.15826464 4.234846432 -1.25046318729616 0.474403875376766 -0.664570394481511 0.376325382649838 -1.16619565907429 1.34636758858551
-2.91224672 4.649536576 -1.24312669192727 0.48910703722284 -0.625896091927357 0.359213728759113 -1.1750652353785 1.34884573426549
-8.805873312 0.043962704 -1.4958074794699 0.677703801827316 -0.452519981603338 0.208459715167844 -1.42769153903909 1.27683132694658
-13.20410211 -3.41807168 -1.67804575033793 0.822304747360394 -0.301084646355688 0.0774616606677174 -1.61298294986418 1.20039921991049
-8.900121072 -2.582408208 -1.60499577917552 0.706786021727086 -0.490248537110626 0.202412063181396 -1.49736641593243 1.23938316103929
-1.731008128 -0.980196288 -1.45572320056116 0.510866027997329 -0.777592676937335 0.386724985284381 -1.27921860213688 1.29257254602455
-1.894370912 1.2629004 -1.36718008754569 0.494875812710262 -0.729997335534709 0.381945992091643 -1.23021812394528 1.31696085843608
-5.438086688 -0.364444256 -1.47684276755879 0.598700666937077 -0.607840584869046 0.295319128409721 -1.35927945982725 1.28599689796643
-3.3520696 -5.171080016 -1.64800678542757 0.5906441843404 -0.781744249036064 0.350009771758022 -1.42401198083691 1.23183687397848
-1.09012336 -10.44267139 -1.83566250779776 0.577130118482766 -0.975936664313642 0.420036028569868 -1.48809833420485 1.16532823974723
-5.04852928 -10.38612274 -1.88767424322849 0.684750745752151 -0.79257685321899 0.311096293083398 -1.60164108792053 1.13742846707112
7.39217504 -8.940990416 -1.63023738094781 0.324689166299762 -1.3198789195026 0.621726969888931 -1.17343474570562 1.23145147042157
12.09199667 -7.213114816 -1.46395427719354 0.173619007380219 -1.48005143706991 0.713691935599195 -0.962789280795647 1.26205253645398
3.4023532 -0.898514896 -1.37665400294152 0.376409467238913 -0.989461745415901 0.505179386390549 -1.13129009401088 1.30809405342617
-7.398440096 6.905199632 -1.20063354519478 0.57493740220851 -0.397592415847317 0.256473573972722 -1.22309622754028 1.36161047016173
-9.1640148 7.13767744 -1.2073996923398 0.613886033423433 -0.317810422490697 0.21387305332301 -1.25421745602343 1.35996962206765
-7.37330736 2.129979792 -1.39599499470381 0.621921285490363 -0.481264594738483 0.248641382401534 -1.34257746873609 1.30911961622183
-5.83392728 -2.16143488 -1.554847041295 0.625884391188263 -0.620937352576518 0.284547871242225 -1.41367948785739 1.26094962309481
-14.33507523 -6.264354032 -1.80702701746791 0.88274427167092 -0.284556163796521 0.034529528539703 -1.71436324737653 1.14098369758258
-16.34569411 -5.71143384 -1.79741096911839 0.926761918643116 -0.175713163585537 -0.028678021044261 -1.73858193165066 1.13575397213452
-6.638174832 3.593961664 -1.32855682978666 0.589701107304897 -0.488005486616594 0.269098853087494 -1.28923727761125 1.32848551186432
1.856689936 11.77466723 -0.888805716854669 0.306725988434312 -0.677562132702074 0.469676106801926 -0.884920117762173 1.40625222719138
1.134123776 13.32661368 -0.834804214831077 0.309780507097488 -0.618234179328712 0.457351111803945 -0.866388241948134 1.41593072916455
-2.202246928 8.004756832 -1.09794066963527 0.440475308043243 -0.592289444039302 0.378582269515732 -1.07691611991531 1.37980252550606
-4.784635552 3.914404048 -1.29520960636722 0.541728634345843 -0.561154914275871 0.314537558376183 -1.23824893074498 1.33715064772384
-3.471450096 2.318475312 -1.34447440675636 0.524568210500748 -0.644874275864828 0.344737375359578 -1.24515353746858 1.32380431725545
0.725716816 -1.5645324 -1.44473288348407 0.452445395704225 -0.891642064955369 0.445404680388615 -1.22487944618102 1.29405321444753
3.766777872 -4.379398832 -1.51048940229915 0.394129135626053 -1.07291729870751 0.52140489953189 -1.19739151218943 1.27230034953817
-0.989592416 -3.531168992 -1.54902078733029 0.514221999241554 -0.855419350578069 0.407270372940329 -1.31938470965505 1.26476623563626
-8.460298192 -2.010638464 -1.57697195625598 0.690034848426539 -0.501142127722332 0.215046408607523 -1.4725240306822 1.25003509817545
-8.50428048 -0.603205248 -1.51945533980637 0.676876613728161 -0.476514584146266 0.215567833650718 -1.4374693602724 1.26947355351887
-1.083840176 1.809537408 -1.33430596239703 0.469543787178555 -0.753644583999427 0.400748978056428 -1.19595286815665 1.3247942429115
4.552175872 3.405466144 -1.18583980091483 0.311284127599761 -0.950360657174833 0.523952028797992 -1.00145051977282 1.34799236275843
5.859078144 1.771838304 -1.22892913429114 0.289777294310586 -1.03497731216752 0.55347848312202 -0.997634678949728 1.33568949065859
7.725183792 -0.578072512 -1.2888647114743 0.256848175817801 -1.15753943090001 0.597255627315369 -0.988014585757569 1.31758199239292
4.583591792 -0.282762864 -1.3326071923371 0.340006856944015 -1.02532411933136 0.529952780758454 -1.08176000373373 1.31628271586433
1.033592832 11.88776454 -0.895895559913917 0.32576889802879 -0.643664867582253 0.452949525385613 -0.903411862293246 1.40767035740245
-7.568086064 7.67174808 -1.17071925985219 0.571207793008271 -0.376766087658638 0.254097807427192 -1.20739373198787 1.36888105668301
-13.7570223 1.156086272 -1.49110732994844 0.785194008945579 -0.207872271087812 0.0748632010313407 -1.5009220173129 1.2689527735223
-8.359767248 3.129006048 -1.36488246622306 0.635702696677067 -0.421333882341036 0.22517279004594 -1.33927726783901 1.31755949914128
0.19792936 6.251748496 -1.13751779204643 0.397802332057907 -0.721945305702082 0.429931731529373 -1.057967754491 1.36762652754013
3.358370912 6.754403216 -1.07062801845863 0.314017143571624 -0.836594704940686 0.497314750325897 -0.960746133874247 1.37287045013401
6.035007296 2.14254616 -1.21110127460733 0.28217447113857 -1.03438073801718 0.556555139847815 -0.984154161500252 1.3387820074609
9.961997296 -4.655858928 -1.40731996119033 0.221551102395874 -1.33486456467098 0.657395348534839 -0.993836427330879 1.28366862470401
10.69084664 -5.529221504 -1.4270221195612 0.205695217201237 -1.3840090287104 0.676343888682853 -0.984224568894012 1.27639559929997
9.848899984 -3.4494876 -1.36168919332243 0.216931732696173 -1.30398389035134 0.650237909486843 -0.973886021818978 1.29454281855416
8.49173224 -3.989841424 -1.40998940107435 0.259489964154753 -1.26037391153363 0.623976161151151 -1.03264677813097 1.28782946290313
5.513503024 -8.6331144 -1.65267167917608 0.377048075561953 -1.23267651585211 0.577166848623213 -1.2329877971625 1.22789296456773
3.220140864 -12.22709565 -1.84192620472329 0.46963452354717 -1.20462231615707 0.539019656605446 -1.39126299362061 1.16509807096242
2.221114608 -1.81585976 -1.43218642273557 0.415202172487337 -0.958636892105865 0.480253979895634 -1.18714904418184 1.295730483593
-0.17906168 9.003783088 -1.03092891892794 0.382057594415176 -0.653694053757171 0.423831629517417 -1.0027976284015 1.38873638548107
-6.078971456 -0.377010624 -1.48460676829075 0.614755730702534 -0.580119839877708 0.279029716334283 -1.37512486772144 1.2832048388106
11.55164285 -5.77426568 -1.41849904023483 0.181569531470252 -1.42490720065211 0.695187085168536 -0.95652822776643 1.27509725898918
12.8648283 -7.074884768 -1.44120055839552 0.149164808752419 -1.50899378940813 0.728638891402517 -0.92964630586813 1.26421366754302
6.726157536 -3.556301728 -1.42587466409314 0.306245301298564 -1.17897258281186 0.584723994054694 -1.08375202409409 1.28881999685443
-2.591804336 2.11113024 -1.34189920717405 0.504633102822703 -0.685457474763785 0.365529879771118 -1.22797464004086 1.32402627154168
-2.302777872 5.039093984 -1.21973086009156 0.470550973784946 -0.643768174118237 0.373488554316409 -1.15059056417203 1.35368909087023
8.322086272 8.73988936 -0.905822527348198 0.168759749757369 -0.984749021008548 0.596112884650818 -0.7704102656388 1.3800406549109
16.98031382 11.74325131 -0.594883824510899 -0.0957834167029004 -1.23079375766011 0.75104769833166 -0.412670917825343 1.35395117755728
16.54049094 9.129446768 -0.713131181505827 -0.0630082615649374 -1.27664958668006 0.745073344093579 -0.48229463539627 1.35097427159435
15.13305773 5.31555408 -0.900303310585249 0.00535435956163314 -1.3135160298262 0.725957396652701 -0.610089517714257 1.34433900296479
12.24279309 2.783430928 -1.06556725301772 0.106274775925425 -1.26165703599386 0.678351124145554 -0.764899294261733 1.33952083242251
7.23509544 0.025113152 -1.27393533847351 0.265882700292505 -1.12545509231692 0.585603894247091 -0.991376502900086 1.32227052378105
-0.58746864 1.935201088 -1.32246628751604 0.455886281176157 -0.771795128791596 0.412144615360187 -1.1797853691947 1.32724785219387
-10.03109419 8.067588672 -1.17622717790597 0.624331451262803 -0.263994640790035 0.194979275527069 -1.24771175179225 1.3676606269922
2.321645552 -1.357187328 -1.41218857138675 0.408778825970391 -0.953968894590407 0.481741455646619 -1.17380207926761 1.30083476427702
-2.75516712 3.895554496 -1.27173230755322 0.492248164508152 -0.646189762276898 0.362365471160431 -1.18929686719298 1.34182302938519
0.348725776 11.37254346 -0.926642387777908 0.347216848424958 -0.627548267176684 0.437984224838266 -0.933050951171552 1.40491936380167
2.089167744 14.79687874 -0.759604740004798 0.272627425127742 -0.624000511193783 0.479359990154448 -0.806667723231018 1.42212613052714
0.311026672 5.265288608 -1.1757847118743 0.403795134965133 -0.745402077443595 0.432099579646981 -1.07804921940343 1.35952635275248
-1.850388624 -6.270637216 -1.67306247391159 0.561035469813308 -0.867287548137262 0.39014098189263 -1.40915363274925 1.22424309818161
-8.799590128 -11.25320213 -1.96951211332028 0.79446884337093 -0.626727502635731 0.200753438076758 -1.72478231597936 1.08916036864556
-7.18481184 -15.48806814 -2.13706508660781 0.795301041098919 -0.769239977856392 0.255332210838587 -1.79873557529506 1.01248260206924
-8.039324864 -15.67656366 -2.15598385598776 0.821377736656847 -0.728887708120972 0.227969721819898 -1.82801584352638 0.998510324631856
-15.7990571 -7.28222984 -1.86116500304574 0.931799809826721 -0.223247692695087 -0.0165751564408267 -1.77258169034431 1.10859747761624
-24.11799272 1.727856016 -1.50452013399673 1.02172511496845 0.329043565608572 -0.248002517410352 -1.64410829122841 1.22228434106065
-21.21516171 4.825465728 -1.3691018056992 0.915935387635386 0.213574439823441 -0.130464835075085 -1.51991234355904 1.28859342281461
-7.18481184 10.55572954 -1.04766343355892 0.533097531944426 -0.340500710795439 0.270388196371456 -1.12634377020278 1.39614168265889
4.545892688 15.33723256 -0.699206058057484 0.207239877557865 -0.704124596437911 0.528564295390081 -0.729084861935838 1.419041657362
6.908369872 13.11298542 -0.752439724202528 0.168132110024345 -0.838871334972635 0.570711098474942 -0.714910648055408 1.40362179730828
12.11084622 3.776174 -1.02905935789076 0.103079868729435 -1.23468318184181 0.673709989160134 -0.749726559332031 1.34554781104473
16.69128736 -4.45479704 -1.24644380685539 0.0158068021144361 -1.60309597909206 0.788261397572122 -0.726055384379417 1.28422802692051
16.2451813 -6.063292144 -1.32070177749384 0.0378642590267305 -1.62422151367235 0.788760542528499 -0.772146965802759 1.27275187132095
13.52456262 -8.752494896 -1.49282448348798 0.137467574584133 -1.57617347545767 0.751994693485347 -0.933074368204699 1.24870458766252
11.36314733 -10.89506064 -1.62792914533623 0.216425090582792 -1.53451170747384 0.721035624793593 -1.06054298511805 1.22125612609587
8.102174832 -7.75346864 -1.56838993449309 0.296027244244142 -1.32466172001939 0.631653477605999 -1.12340079205255 1.24775268556755
-1.108972912 1.910068352 -1.33059042820501 0.469280866933272 -0.750746803050693 0.400146406353019 -1.19424832207566 1.32575554190562
-7.982776208 9.14829632 -1.11358569759859 0.56588042350903 -0.332700819733269 0.247836601023508 -1.17866789806775 1.38231942705263
-4.194016256 5.962722032 -1.20506507639769 0.507869047989193 -0.548916841373532 0.330807222061759 -1.17417068680332 1.35891550200765
5.419255264 -2.299664928 -1.39892831714007 0.33301397707818 -1.09977760105331 0.552668098357277 -1.09951419835046 1.29855531663528
11.40084643 -15.1110771 -1.80047815860473 0.236565040658168 -1.63723516095308 0.754891381663833 -1.13685558535305 1.16736212485352
9.013236512 -10.3232909 -1.65446240431459 0.285300522902227 -1.4198229039434 0.665844630609607 -1.14164194772163 1.22047497976892
4.929166912 -2.217983536 -1.40410912623491 0.345747314867597 -1.07808193548677 0.541730952932544 -1.11329945469848 1.29832810250577
2.723769328 0.502635136 -1.33131724498555 0.382907315219462 -0.934458757443578 0.487929370857701 -1.12004231632442 1.32031961874973
0.4178408 -0.722585744 -1.41530682299777 0.453281449530231 -0.863015591880551 0.437204445636519 -1.21413398874255 1.30229974146065
-2.792866224 -2.6640896 -1.53814490466618 0.553260169510417 -0.762312195515787 0.361931342764895 -1.34797898091501 1.26807388518373
-7.731448848 -6.434 -1.75287964398229 0.716364854512698 -0.604477567039146 0.232329144588893 -1.56938932418924 1.18626106784663
-12.88994291 -10.36099 -1.97146852538248 0.893040129280352 -0.410679221548044 0.0710863468678511 -1.79854641552842 1.06983019450437
-10.08764285 -12.86169723 -2.05371831806052 0.846786934226171 -0.585693213475321 0.159876494985929 -1.80237538232197 1.04220422694962
-0.543486352 -18.0201913 -2.15646367073889 0.62733370967191 -1.1402335982311 0.468840841409052 -1.66007005477032 1.02542766209345
6.035007296 -21.57647344 -2.19895317096089 0.447050177540788 -1.53866122528988 0.686082717474374 -1.49555078668515 1.01400119730637
4.8160696 -18.2526691 -2.07278021927791 0.464954066430774 -1.40397283818217 0.620719892864 -1.47025379350111 1.07164896818407
0.153947072 -7.351344864 -1.68859562927148 0.516551616056618 -0.974964267603947 0.443204644070536 -1.37640136063343 1.21961737714818
-3.515432384 1.29431632 -1.38653269420239 0.535181544893967 -0.661312715314343 0.343338903960474 -1.27102776975255 1.31248367118428
-2.81799896 2.726882272 -1.31983617866247 0.504596359304169 -0.664857192444869 0.360366741895569 -1.21893818819373 1.32985882171846
-0.719415504 4.643253392 -1.21506284280439 0.435043682588707 -0.715680274684739 0.409104672513361 -1.11966171184197 1.35269944338737
0.172796624 3.889271312 -1.23318992583404 0.419449007915527 -0.766074347566783 0.428951793739567 -1.11380370693456 1.34729280222103
-0.851362368 -2.211700352 -1.4935405237644 0.499086579883827 -0.837258855703239 0.408945255436205 -1.28436516023277 1.28132833721205
8.039342992 3.989802256 -1.1015032046036 0.214027213013356 -1.07435115418155 0.594562038109179 -0.881525235779507 1.35226282385378
6.148104608 -5.064265888 -1.49677463639784 0.333350882035047 -1.18615838170247 0.577174161705251 -1.13502502437651 1.27184124531567
4.31341488 -13.89842259 -1.89329372300246 0.449826741959239 -1.2881512112797 0.576083183642849 -1.39079083558927 1.14548984202259
5.123945616 -3.85789456 -1.46645916771852 0.352902985866161 -1.11906703901945 0.550501736650476 -1.14272020387987 1.2819650049092
-13.66277454 -7.257097104 -1.84415413132079 0.877139944343594 -0.331255219294666 0.0532030872362069 -1.72802803159488 1.12711642398642
-8.058174416 -1.928957072 -1.56949992118894 0.679221252230113 -0.517975425061919 0.225970421596173 -1.46111907590267 1.2532559295862
2.403326944 8.073871856 -1.03192912381341 0.326617371766992 -0.773110646434063 0.477702475590521 -0.956862995711819 1.38222717704277
4.244299856 11.68670266 -0.856045613673958 0.248368508455066 -0.770010294575945 0.517608957089337 -0.82309418877864 1.40269977941994
-1.674459472 10.0216589 -1.00878811963528 0.408735393665168 -0.574731717595376 0.392939568277309 -1.01545127836421 1.39585248998377
-5.859060016 5.522899152 -1.24153219515583 0.552101408580139 -0.487276586050571 0.290912815141984 -1.22357349621923 1.35109525041144
-7.008882688 0.709980208 -1.45027393568386 0.627074023653931 -0.521112963502963 0.256175581951678 -1.36990284321913 1.29310987922477
1.159256512 -7.326212128 -1.67220911182604 0.48893306135388 -1.01842555996983 0.468084400109686 -1.34525784276378 1.22509383736505
6.26120192 -3.506036256 -1.43228406383149 0.318826015026182 -1.15884375341163 0.574470253663487 -1.09808837729433 1.28833892139881
10.07509461 -0.647187536 -1.24613835444453 0.191551057523461 -1.25237217566335 0.64533624588119 -0.909697004484468 1.31798639674412
12.57580184 0.471219216 -1.14968452664251 0.112278002960349 -1.32587881110667 0.69085065506426 -0.798344981324568 1.32443825660225
14.88173037 1.432546368 -1.05976257085228 0.0382936125768905 -1.39312252534126 0.731014730911682 -0.693793615376305 1.32583835846128
9.409077104 3.028475104 -1.1137066280239 0.183936128457617 -1.14751902436443 0.623233807136955 -0.857163332005481 1.34480861293234
-1.59277808 5.642279648 -1.18621173444771 0.447560013530605 -0.661470122625896 0.389970189372757 -1.11837831129247 1.36032435207942
-7.93879392 7.816261312 -1.16827116038336 0.578407547932664 -0.358440589902618 0.245514226624371 -1.21156722361514 1.36956485957557
-12.78312878 11.62387082 -1.04661512044437 0.648635196462355 -0.0803066790203467 0.139131338652466 -1.20520933899841 1.39825411774973
-17.50808315 15.34979893 -0.904631397911062 0.709092320610346 0.204201903799118 0.037767333310466 -1.17467441670567 1.42849546647997
-2.258795584 10.64369411 -0.990454235281341 0.416779171724841 -0.539442656047815 0.381286666689109 -1.01436606717047 1.40028480588744
5.017131488 2.638917696 -1.20872217815443 0.305269074108045 -0.984121691459977 0.534584960214968 -1.00445388457302 1.34214768493318
6.663325696 -0.65347072 -1.31128765259174 0.286600427839323 -1.1166055546826 0.575233936449539 -1.02428121130553 1.31588683363734
9.484475312 -6.220371744 -1.47938117123565 0.245585345960168 -1.3493709579415 0.654280081342626 -1.04231550112453 1.26764346668074
13.34863347 -5.4915224 -1.36750396232778 0.125551509341595 -1.49211594544618 0.729846818461191 -0.881438828297247 1.27871075215287
17.57093312 -0.860815792 -1.0835536024544 -0.0305949327541404 -1.55091221757838 0.787547148272608 -0.627653409623946 1.30492176999435
10.61544843 -3.248425712 -1.33807255617947 0.19342462531086 -1.33057870788565 0.665123090755179 -0.942328905471064 1.29689081903528
-1.523663056 -7.401610336 -1.71514077514552 0.562306833340272 -0.90190108058382 0.400741271442487 -1.42711433217413 1.20973375231571
-1.523663056 0.923608464 -1.3759732817476 0.488570456001696 -0.751667389801977 0.390737935599351 -1.2285235738409 1.31438533736508
-3.452600544 -3.380372576 -1.57588718234843 0.576780930910498 -0.746240356199988 0.345872407170309 -1.38289830936961 1.25584633187277
-5.884192752 -8.846742656 -1.83287323166253 0.692112268036449 -0.728581082586538 0.285441797045902 -1.58454066638165 1.15834240275785
-5.683130864 -7.778601376 -1.78551461114093 0.676359101036096 -0.720555111559738 0.290124183756133 -1.55171057219458 1.17785095184423
-3.91755616 -2.337364032 -1.53914892352643 0.579033304009139 -0.707872597816589 0.333591341820204 -1.36958804914196 1.26737827872823
-0.3675572 1.489095024 -1.33739402435812 0.45424342264642 -0.789169525137629 0.417360332691173 -1.18431595846982 1.32328403707214
7.052883104 2.814846848 -1.16630497478138 0.249662422807056 -1.06053441015471 0.57644935812483 -0.937865822217809 1.34423516120659
12.48155408 3.612811216 -1.02760048097191 0.0936970909326926 -1.25237200950864 0.681000596464922 -0.739923368234527 1.34384028388218
6.267485104 0.691130656 -1.26482193163632 0.28717145664802 -1.07322357379165 0.563971654011939 -1.00817546055269 1.32705912592366
-3.534281936 -3.939575952 -1.5998138482655 0.584039771642296 -0.752383879222595 0.344198298622649 -1.39872969311508 1.24796166470639
-7.071714528 -4.73754032 -1.67495325673764 0.682442048151665 -0.60783431694912 0.250992774934959 -1.50931493822866 1.21739185100638
-9.138882064 0.772812048 -1.46903366682447 0.678386436476875 -0.425795381858976 0.200797250641582 -1.4163836138572 1.28504438281563
-11.9914476 8.312632848 -1.18093398887995 0.666670878188069 -0.173515758645426 0.146412554829191 -1.27873174832937 1.36567357802062
-12.21764222 8.036172752 -1.19406835341257 0.674796938904044 -0.168153868982418 0.139644552588402 -1.29016398312348 1.3620907096852
-10.51489936 0.57175016 -1.48985702997066 0.713772257116041 -0.366949074953148 0.163513083157323 -1.45121124820519 1.27617067038102
-9.082333408 -5.654885184 -1.734582176492 0.743002718549035 -0.529534488637265 0.194279907739446 -1.58169774218735 1.19014781598398
-5.997290064 -4.756389872 -1.66351085811783 0.655148023795539 -0.656771479224607 0.280098066028894 -1.4829573669599 1.22333751893967
-1.228353408 -2.532142736 -1.51177248081562 0.511680302879003 -0.827065497978056 0.400213563086873 -1.30236996138325 1.27607587546394
2.183415504 -2.594974576 -1.4641234599046 0.422583089123061 -0.972038090372637 0.480852589035197 -1.2059116151326 1.28719093194439
8.862440096 -6.62249552 -1.50793632462792 0.266392217785659 -1.33220922189119 0.642847027031276 -1.07298140443761 1.26214022725627
15.47863285 -10.65629965 -1.52147673282904 0.0832083788891049 -1.70617355244112 0.804407751505112 -0.881458414030415 1.23164115967993
8.309519904 -2.657806416 -1.36048036916525 0.255426936175752 -1.22470543224487 0.61549848209119 -1.01158318254106 1.29996412213929
-0.80738008 7.01201376 -1.12037717266001 0.415723625334353 -0.667193572023248 0.40838736272538 -1.0659688896647 1.37293933627061
0.51208856 7.703164 -1.07435571953818 0.37695958070373 -0.706320257021017 0.437516780876251 -1.0157471157581 1.37926167872389
8.724210048 3.977235888 -1.08915486340137 0.195568708455591 -1.10098806261788 0.608146848436558 -0.859774769446121 1.35166864785522
13.74447406 1.696440096 -1.07551014452538 0.0701877007141223 -1.34348677803905 0.709277397453756 -0.731638525365024 1.33008079829772
-1.046141072 3.512280272 -1.26510947664038 0.453356798521569 -0.723579030460371 0.401514757188142 -1.1548203154014 1.34165417557875
6.688458432 0.911042096 -1.24859054821651 0.274101634496363 -1.08544491357053 0.572328020983832 -0.990119765357879 1.3292186465564
3.477751408 2.990776 -1.21982395002376 0.342696568201642 -0.916043511164132 0.501557336792759 -1.04221495088823 1.34374513276939
-4.156317152 7.92307544 -1.12459188079339 0.488155838679052 -0.51442427531985 0.334482986028188 -1.12533216982262 1.3769002863428
-8.667643264 10.83847282 -1.04932027868935 0.564231465204699 -0.272951702970381 0.236402399938691 -1.14933510787331 1.39684504228506
-4.696670976 -1.709045632 -1.52301623073255 0.592900799751756 -0.663128527900179 0.313782335735766 -1.37407726415179 1.27206657324851
-1.787556784 -10.0845299 -1.83073865200421 0.593191711202767 -0.937829760006778 0.40039326886708 -1.50028913034013 1.1664420086643
-2.78658304 -5.284177328 -1.64521736054449 0.576885893907757 -0.808651999734126 0.364690075491263 -1.41135668682136 1.23320530058326
-5.130210672 -3.95214232 -1.62010322124876 0.625194277896638 -0.682174686271608 0.302922655472555 -1.44068660666063 1.23973482891921
-9.672952704 -9.44992832 -1.90120472524838 0.798321436373922 -0.557929748799674 0.174306108690892 -1.69739245728121 1.11748736105953
11.75270474 -2.500726816 -1.28461616610013 0.155446148480534 -1.35969399975745 0.685028252114128 -0.886139173959329 1.30336073711941
14.58642072 1.23148448 -1.07456360297935 0.0483447003522938 -1.38640224993917 0.726211345689568 -0.70884236525596 1.32543236142695
18.77102126 6.72927048 -0.752500733250716 -0.113374174551037 -1.41402175063685 0.786158262373595 -0.441993846698297 1.33109549767452
17.72172954 7.42042072 -0.752331858025276 -0.0860413898368654 -1.35946507067878 0.767325930790563 -0.470580264225286 1.33941553546436
4.382529904 1.998032928 -1.24486891266659 0.327155064081011 -0.971775078520698 0.521978784743557 -1.03763615249808 1.33628777020812
-11.7966689 -4.561611168 -1.71442329963359 0.799900144474248 -0.385039422416031 0.116727573630051 -1.61416881785942 1.19034422137485
-12.28047406 -3.738514064 -1.68402861674712 0.802976543605283 -0.350010504841426 0.104160089709929 -1.60239709029271 1.20102356041006
1.316336112 6.716704112 -1.10286752260745 0.365804760868051 -0.75731270178449 0.454251483273053 -1.01753633471009 1.37209478240352
15.91845573 17.95732029 -0.356245119894952 -0.118239731551786 -1.04543484499116 0.737761366447643 -0.3157264658887 1.36646493445216
-1.65560992 2.902811424 -1.29780162747307 0.474071667590576 -0.709842964305487 0.387483673013475 -1.18506360239449 1.33444386499131
8.089608464 0.565466976 -1.23665233898376 0.238414048293899 -1.14808600041628 0.601959005771629 -0.952067470350876 1.32715282395319
15.34668598 -1.181258176 -1.15140305632399 0.040084460876913 -1.47169789706273 0.748605649008074 -0.723916151825485 1.30901338658127
-0.172778496 -2.689222336 -1.50325537191198 0.485546756414088 -0.874798312437361 0.42580019075549 -1.27655494704106 1.27818228316955
-9.478174 -4.561611168 -1.69289422058178 0.741676159682953 -0.494364075503161 0.184026686554215 -1.56222770219396 1.20545636992816
-8.94410336 -5.761699312 -1.73763571376427 0.740585084473822 -0.537626527990243 0.198154812542852 -1.58122600902396 1.18929544393148
0.549787664 -7.219398 -1.67718883790212 0.504680172332397 -0.989836902843865 0.452715919141521 -1.36135827481768 1.22349451940002
17.55208357 -8.607981664 -1.38678905934172 0.00609316417564515 -1.74219694578 0.82940208260346 -0.755270189579317 1.25052217255468
5.406688896 -9.657273392 -1.69654071880814 0.387435496049901 -1.24917125946959 0.579477114473113 -1.25881203601635 1.21413405301769
10.96102355 0.28900688 -1.19108400848197 0.159948536709903 -1.26690342299343 0.660149370447468 -0.859875733756521 1.32471765857755
4.891467808 -3.311257552 -1.44854231899952 0.355143653068166 -1.09845816522816 0.543764961851681 -1.13829895293691 1.28710303401062
-4.941715152 -9.123202752 -1.83283626036493 0.66969728764686 -0.776788988739946 0.312226388685261 -1.56619822671252 1.16041346739539
-6.537643888 -9.751521152 -1.87908219876205 0.718468597129725 -0.712430331300933 0.26757921966559 -1.62550902015177 1.13730645345354
-0.30472536 -5.026566784 -1.60013332029159 0.50910204055996 -0.912188711814313 0.426516757525323 -1.33516712919403 1.24871495117453
-12.51923506 10.10334029 -1.10933510477655 0.659310580772377 -0.118998212542103 0.139632881014042 -1.24104396935428 1.38343574347485
-6.4936616 11.84378226 -0.987268860303142 0.504059357765622 -0.345055228725353 0.289831629194082 -1.07920040123579 1.40753633394331
0.468106272 13.86068432 -0.821716734977873 0.320728500442847 -0.581793764149439 0.444760418325056 -0.870118135730472 1.41970953600893
0.688017712 8.488562 -1.03998659228122 0.365509460966752 -0.697893944185247 0.44185122651659 -0.992731011849654 1.38514498763739
-0.970742864 -0.521523856 -1.42683571336922 0.48732925914666 -0.801273439633056 0.404517317880739 -1.24782700445974 1.30029301725708
8.856156912 -16.54992624 -1.91725316865806 0.326299895311419 -1.55530323178025 0.708394997130621 -1.2719214184646 1.1320004037702
-0.292158992 -4.310283808 -1.57076882058276 0.50262203975691 -0.899572899872481 0.425499774160035 -1.31795547868384 1.25792713303437
-9.41534216 7.941924992 -1.1762933484537 0.611420750636464 -0.292894344747952 0.20984625406145 -1.23869664239799 1.36773005083491
-1.102689728 -2.029488016 -1.48965560075871 0.50400155685306 -0.823270198295929 0.402708512799529 -1.28701114312749 1.28255754760889
-2.03260096 -12.15798062 -1.92214796267352 0.61849105677272 -0.963245186528234 0.399943993337219 -1.55917696164595 1.12906222018527
0.537221296 4.354226928 -1.20932043633555 0.406184866172556 -0.771919321516957 0.437004804536864 -1.09322855244483 1.35195595724623
4.319698064 22.58174371 -0.385319840346662 0.139843822229634 -0.533483025937325 0.54444168388944 -0.554652141549532 1.44039130471384
10.94845718 16.4619225 -0.534436514029038 0.0325226560867382 -0.909561889466884 0.649186962753238 -0.5160169599413 1.39781411745678
19.62553429 8.488562 -0.65822522609075 -0.151702876453554 -1.40240149382881 0.797616701575876 -0.373998784085025 1.32946175434915
20.70624194 5.171040848 -0.761060977567951 -0.164379172147918 -1.52255799048704 0.82139169551411 -0.389702992774197 1.31387038171223
17.36358805 0.043962704 -1.05349675162094 -0.0290702265998458 -1.52114120261655 0.780356595256179 -0.620502386265249 1.3106198412717
14.41049157 -4.467363408 -1.30257419878885 0.0872913779470847 -1.51137049535907 0.745412039640227 -0.820521979552657 1.28688916081342
11.20606773 -5.811964784 -1.42739522676957 0.192125623368081 -1.41153102658293 0.688294574408634 -0.970363908196497 1.27436323025393
2.189698688 -8.6331144 -1.70959690499717 0.471037485508277 -1.08835870363508 0.497707381689485 -1.34312799629719 1.2123131172241
-4.740653264 -10.81337925 -1.90190937267264 0.680537261587013 -0.814011624831776 0.320587936860699 -1.60409963462423 1.13210024656655
-12.92135883 -3.48090352 -1.6784528692195 0.816016630718711 -0.315592889790489 0.0857481554757198 -1.60886134674375 1.20118012825259
-11.11180184 0.873342992 -1.48252617416451 0.724992418192423 -0.334980890595129 0.147920570787863 -1.45584660605094 1.27756024485445
-0.96445968 3.977235888 -1.24524853386084 0.447137720098625 -0.718227141412368 0.403436494001231 -1.14172747356488 1.34618720349526
6.927219424 5.94387248 -1.04364801971992 0.228325563988619 -0.990834948504723 0.570288569689783 -0.874226836093779 1.36592707800779
14.00836779 6.766969584 -0.868333109773119 0.0276813650010699 -1.23884233963824 0.70342930457207 -0.622467064505883 1.35475586877501
18.18668515 7.960774544 -0.718441481241085 -0.103859033416994 -1.36344108788452 0.774398425793314 -0.441897781559481 1.33806962226409
9.742085856 11.33484435 -0.773151003761165 0.109566487539227 -0.981116917732471 0.622849920565948 -0.669330233242454 1.38799363697596
-0.750831424 15.55086082 -0.766624455220906 0.333218462752502 -0.500198136628896 0.423626112878274 -0.858099989522057 1.43048427781345
-0.411539488 14.07431258 -0.824516306395395 0.339690109853535 -0.543595092724688 0.427120880242683 -0.886411144604381 1.4219084312052
8.799608256 7.772279024 -0.935911627873386 0.163914055568777 -1.02324969762527 0.605672030464555 -0.776512442420197 1.37404826505647
16.2828804 2.6766168 -0.977170895591696 -0.0115216042699078 -1.4176413139149 0.752619831245915 -0.616361587534242 1.327949102951
8.24040488 1.130953536 -1.21137579926242 0.230099699086598 -1.14216283672889 0.603752286837849 -0.935280435881933 1.33159940736398
-0.90162784 -0.11940008 -1.4096449376254 0.482015070300595 -0.796782812597262 0.40586216757091 -1.23648482681952 1.3049369029557
-5.95959096 0.992723488 -1.42736967740382 0.598541469724085 -0.562009823866095 0.283049589634809 -1.33819508818111 1.30061793799687
-12.90250928 4.0903332 -1.3631448037131 0.73308179579702 -0.202164298956609 0.10818185060935 -1.40681538989677 1.31286534576648
-15.55401293 5.09564264 -1.33764831043846 0.783428828714632 -0.0628002024314278 0.0387624638117282 -1.42743652095148 1.31585951792723
-9.547289024 1.690156912 -1.43511031445766 0.678859366416618 -0.392625332875914 0.191680917583404 -1.40169826561523 1.29527297480552
-3.578264224 -1.721612 -1.50981061704025 0.564692920859134 -0.71184164983937 0.341896489103207 -1.3457799000126 1.27664184887209
6.88952032 1.941484272 -1.20399623895505 0.260788453661124 -1.07216877508879 0.574555394026746 -0.961713832856212 1.33756263970605
17.58349949 6.471659936 -0.793959197762821 -0.0754006970906125 -1.37687499905761 0.766538455872101 -0.494162056101186 1.33729762862932
17.78456138 -0.320461968 -1.05690221429965 -0.0402477162770749 -1.5461722197302 0.789170694661997 -0.609377306476521 1.30715364098843
14.44190749 -12.18939654 -1.60874578136519 0.123798445398255 -1.69991225784773 0.795491385149476 -0.952854795676443 1.21389339142157
10.05624506 -14.21886498 -1.79308267013344 0.275372492847374 -1.55499747882062 0.716761191369005 -1.17677055568586 1.17367384752664
2.302796 -8.702229424 -1.71060681724918 0.468430070444803 -1.09464662941511 0.500736903682143 -1.34109330191716 1.21193487144572
-3.19499 -1.891257968 -1.51186643134035 0.556498452195294 -0.731345243505829 0.351491265802685 -1.33991082423692 1.27610011062036
-4.363662224 5.893607008 -1.20983295631907 0.512618112328219 -0.543142703473031 0.326768130865958 -1.17985810295075 1.35793179428583
0.398991248 5.554315072 -1.16288715318931 0.399028157006138 -0.743381161868639 0.43409031388201 -1.06897832429118 1.36205675241364
-4.696670976 7.087411968 -1.16488065621879 0.509120282863439 -0.507571964789114 0.320728076172021 -1.15834423532634 1.36856440908625
6.374299232 7.030863312 -1.00974210408219 0.233993484969128 -0.947151045302306 0.558630195246788 -0.867154207103805 1.37327347012033
7.788015632 1.564493232 -1.2026060020191 0.239267104421703 -1.11530752688605 0.593647749297576 -0.940941837528454 1.33486308595172
9.666687648 -5.71143384 -1.45536523587725 0.236979881189691 -1.34579651523454 0.655810518193175 -1.02553676987142 1.27307954077454
2.799167536 -3.374089392 -1.48576904224803 0.412415249734265 -1.01277467458726 0.496668953927297 -1.20492841407131 1.28048001679653
-9.358793504 3.474581168 -1.36002421788021 0.65604565680754 -0.37163159913061 0.200250372293203 -1.35193335904875 1.31821171973621
-3.207556368 7.01201376 -1.15070433884376 0.474106238527512 -0.570159993282775 0.354785851097235 -1.12517926578994 1.37016342760509
9.71695312 7.904225888 -0.912973582949229 0.138236498210229 -1.05470194539327 0.623075329434408 -0.744508074961602 1.37278265879409
9.440493024 5.37838592 -1.01957700915217 0.165401792921658 -1.09854669144002 0.620181430783682 -0.807010899546511 1.35954749797764
-1.12153928 -3.015947904 -1.52992935796867 0.513155806047089 -0.840409283923743 0.403375923543184 -1.31087100716618 1.27060336121089
-9.22684664 -9.475061056 -1.89760585574353 0.786856590134196 -0.57989914517495 0.187864338048571 -1.68710193589696 1.12073557126999
-5.193042512 -7.740902272 -1.7779295131794 0.663080407828375 -0.742429188137478 0.30363251387252 -1.53771795071286 1.18177562528871
4.06208752 -3.4494876 -1.46813919085017 0.378845451639141 -1.06686316984407 0.525582106478595 -1.16756026369062 1.28342078207981
6.51252928 1.476528656 -1.22922471263431 0.274527235660565 -1.06686407998924 0.567597299787373 -0.983582219007826 1.33370929775149
4.112352992 2.61378496 -1.22469110850831 0.329250541107989 -0.948757104623778 0.515482797153151 -1.03202790993673 1.34120591296302
3.84217608 2.70803272 -1.22530062426356 0.335540532794595 -0.936140672964817 0.509622339970303 -1.03789096338748 1.34173419569312
10.08766098 -0.40214336 -1.23619136867499 0.189506426008303 -1.24757612077947 0.644863631021771 -0.904319232035452 1.31987942400518
16.03155304 -3.374089392 -1.22065497346034 0.0311006855274741 -1.55057775315153 0.77071638284505 -0.735167616583552 1.29304336301632
8.391201296 -2.689222336 -1.36016491278833 0.253342507211085 -1.22867554086211 0.617310462480637 -1.00943510113306 1.29978026635237
-0.757114608 -1.589665136 -1.46704507659589 0.491206230283682 -0.829855175131669 0.410526533457298 -1.26711163932491 1.28891820708681
-1.944636384 -5.74284976 -1.65266291790345 0.558841784158508 -0.853756504208445 0.386840435234254 -1.39907147735984 1.23116169485834
-0.49322088 -7.03090248 -1.68500306006913 0.531343255846086 -0.940679473912369 0.426146163894901 -1.38809319433546 1.22071187189653
2.64837112 -1.099576784 -1.39672997815331 0.398032063443894 -0.962457214761929 0.488681913526745 -1.15832262485721 1.30432184261055
5.419255264 4.109182752 -1.14321772482423 0.282839833450476 -0.970198989336837 0.54131285091108 -0.960055458018153 1.35372756972934
-3.534281936 -9.186034592 -1.81716827846579 0.632523198937759 -0.842547360290255 0.351134649725916 -1.52863363395322 1.16927007556291
