2.849433008 5.510332784 -10.2065924096173 -1.02760593006941 -33.663120747187 -3.3616939709799 -0.047100323903421 -0.0413594654106992
-7.825696608 4.429625136 -27.1289346242395 -2.73824521394742 -10.1178754035147 -1.0181848271458 -0.0524446326081749 -0.0426074246782852
-21.10834758 3.08502376 -15.7815066810096 -1.6002415863913 39.1429700359389 3.99597726931871 -0.0391488942524634 -0.0414130583199825
-15.83047302 1.41998 20.2720836401066 -3.45412378823453 14.5064639291839 -2.47164972326374 0.0487869595549969 -0.0421492529683356
-4.878883312 -0.446125648 15.2065843588096 -2.59181244503531 -28.9940125325628 4.90800135573517 0.0409548952180978 -0.040163963710837
6.751290272 2.450422176 18.372994344626 7.72827345407378 7.65662308334685 3.21219837263089 0.0390013103528517 0.0326930415039454
17.19394208 7.445553456 -5.72815427640624 2.69137443215871 -26.8526749491915 12.8666072357982 -0.0503739200958284 0.0283315607462845
9.044652432 11.16519838 -24.0521334326495 10.9552761579639 -22.4246847272858 10.2343838982617 -0.0570371558935479 0.031778975830725
-4.784635552 17.46094875 -20.8621751427994 9.5011121026182 33.2400687860597 -15.1377291207428 -0.0490527897077422 0.0286304144763914
-5.576316736 16.17289603 19.6578232698609 -16.3107475254543 46.2254758898701 -38.3587288094694 0.0453938514190046 -0.0547349631454018
10.84792624 2.55095312 36.0649318612796 -29.9030870551606 -7.0115124704229 5.8638053416057 0.0482749454861965 -0.0575095336601862
25.64482456 -9.726388416 12.9032895232612 -10.7503559443474 -48.6047196736308 40.8581455106159 0.0244585293613776 -0.0399964140175512
14.18429694 -8.494884352 -34.6257880520155 6.51727077639134 -30.7801047903581 5.76699385297629 -0.0651608583360015 0.0363869828695455
-5.45693624 -4.806655344 -29.1870417607667 5.48801493205558 48.2617518075544 -9.06011575732244 -0.0539275257112231 0.0326858843257085
-11.7149875 -4.040106896 4.6681381658059 -3.22092750522474 14.1774073346631 -9.7785142172751 0.038336399753787 -0.0398855638597091
-7.071714528 -7.225681184 11.4041537106336 -7.81399032893277 2.7751665424202 -1.9033663686062 0.0400997525309535 -0.0412509257486219
-1.712158576 -10.91391019 5.99720122995487 -4.09701002449376 -16.4333833665528 11.0859166101102 0.0347310658065029 -0.0373914985041663
-1.34145072 -3.122762032 -1.2481674332027 17.2327986170617 -0.245051495526254 3.4585878315181 -0.0398542189846808 0.0409267089118019
-1.617910816 5.642279648 1.7578536888039 -2.65905623711449 3.93050744067151 -5.91280218732177 0.0326422260667175 -0.0427618513911767
-0.17906168 3.49343072 3.05343905494754 -4.61601161255735 -0.894175575345058 1.31104591341307 0.0327091388873948 -0.0429867666736584
0.995893728 1.614758704 -1.29770992351029 1.20509431156268 -6.98889008180257 6.39369649264366 -0.041096167590048 0.0295890644277327
-1.09012336 3.55626256 -6.46280964734578 5.99300182540117 -7.20629175600264 6.65358145246903 -0.0432281157931939 0.0317540593075629
-4.979414256 7.16909336 -6.2721913473044 5.81487075710279 8.57738275489642 -7.92718157071188 -0.0412902446644699 0.0298810047859851
-4.941715152 8.532544288 10.84463639219 -1.39180844507498 38.6904861312222 -4.91238428385942 0.0395924281621392 -0.0432631783777233
7.084299024 6.98059784 31.6522543331364 -4.09569596945206 15.8632926613913 -2.04941581021844 0.046488902536398 -0.0440950098862576
23.15040051 4.894580752 20.3332023780711 -2.63096643763371 -45.7742852195299 5.94960484621741 0.0320276728603201 -0.0417673312970289
25.08562118 3.757324448 -7.2757087109783 -2.21408089267107 -12.2245724155042 -3.72339361121168 -0.0548342213018803 -0.0415034767426733
19.96482622 2.205378 -9.72485682346903 -2.96282794598619 7.28524813429578 2.21637201580289 -0.0532060777210085 -0.0416482424546495
16.15721672 0.207325488 -2.82611998949903 -6.97556815788685 -11.6734371300786 -28.581272955022 -0.0473943395357252 -0.043355888664116
12.7077487 -8.400636592 -9.59956060672488 -23.9752878517806 -6.87663916258136 -17.1753467321649 -0.0489910755150944 -0.0493629534708879
7.51783872 -21.356562 -7.20466111341983 -17.9786774917032 13.7654348013322 34.2292701683845 -0.0477825830592958 -0.0433177308987154
5.03598104 -24.85629549 -6.75551877645953 3.6044231038943 -28.555130926479 14.932936345854 -0.0463168537866622 0.0398468995675485
-3.471450096 -20.16275704 -23.9502303684512 13.2251455971018 -18.2075644307086 10.0260883700514 -0.0520098791628012 0.0447964997563266
-16.59073829 -12.91824589 -18.4995360265786 10.2178476798359 34.0515314737482 -18.8247132608712 -0.0434340470007026 0.0401673884292977
-20.2789673 -8.846742656 2.48056131488824 9.03338703508493 6.97762148319134 25.5148749537035 0.0410660146760479 0.0386327644813491
-17.9604724 -0.37072744 5.53778641780643 20.0983753501682 0.624965749993361 2.28769287332 0.0414118056182863 0.0415345450378987
-15.45976517 8.689623888 2.65994513326405 9.52842698996985 -8.17491180818626 -28.8294701699711 0.0386495911343399 0.031034975300583
-11.6772884 12.06997688 13.2978761084672 7.7160189294808 25.8600067599638 15.0121267667568 0.0435055690918869 0.0288259289143689
-1.65560992 17.89448845 20.2468969866756 11.7545819856686 -10.4155731421332 -6.03229149655227 0.0429511018711656 0.0290112326913506
5.833945408 22.23616859 5.2871543161734 3.00498408406142 -25.6010357925958 -14.054908290726 0.0314892858019235 0.0237223778556313
-9.088616592 6.968031472 6.2241866969428 -4.79454966129389 11.1058034126179 -8.54665124638422 0.0381892466148478 -0.044719612531605
-4.57729048 3.505997088 8.76641648688322 -6.74389629946283 -5.72368471841034 4.4058672784523 0.0374923310922489 -0.0441952737727369
-1.49853032 1.112103984 1.94941179406467 -1.55885423804475 -10.4480291982195 8.85692465515373 0.0323635925210558 -0.0400166967953753
-4.407644512 -1.237806832 -10.1535877023936 -7.56282762689093 -15.0594356532661 -11.1995055885843 -0.0438924608782929 -0.0434002907178117
-11.18720005 -6.283203584 -12.2181226959238 -9.08689567688536 11.5387344616486 8.59460681832264 -0.0422141831079239 -0.0422204838228912
-13.61250907 -8.281256096 10.8478722045889 6.55949141914722 43.0401037950425 26.0722463670742 0.0426640387510094 0.0361556073999803
-0.436672224 -0.289046048 36.204920599515 21.9627005655403 24.3674697581248 14.791371751102 0.052584459784867 0.0413014143435447
18.89668494 11.40395938 26.3405850204583 15.9660454902292 -51.8808792101262 -31.4842617540539 0.0379601777961452 0.0343749487352453
22.7608431 12.59148115 -8.67656091247042 -10.8349319795602 -22.0480037930389 -27.5592956381847 -0.0545351754718524 -0.0498580860734621
15.15819046 3.097590128 -17.2614547983288 -21.5543469389275 1.07426889362567 1.35629587928639 -0.0546732594109237 -0.0538548113001946
7.756599712 -6.138690352 -7.00228076294693 -8.7069034478445 23.999492960865 29.8249880296314 -0.0469689569332646 -0.0421888398882147
7.951378416 -4.775239424 4.59138325651897 10.4943172435011 9.95784034042391 22.8289815355694 0.0303498733490183 0.0373955857865328
11.6081915 3.6190944 7.76425965817184 17.7877620855726 -2.55531219697046 -5.85997650672438 0.0314099889146857 0.0381706800720223
14.66810211 10.61227819 2.41329015069602 5.55323995281507 -9.87844412360976 -23.0632329687065 0.0265999503445102 0.0289968032550935
11.96633299 6.804668688 -11.7355167703028 -17.3593255560693 -23.4478440626276 -34.6953891555988 -0.0506396109203978 -0.0524975000299513
3.006512608 -6.452849552 -18.3400993697268 -27.1378041514362 8.57704875673296 12.6811555608762 -0.0503651228593037 -0.0525712373429205
-3.892423424 -16.65045718 -4.98796745471983 -7.44852121117735 22.9968982067318 34.8036205521936 -0.0417087546281072 -0.0392076421455067
1.240937904 -13.55913066 19.893287344179 13.2408478674388 33.4741577138848 22.2433913352252 0.0417801508057705 0.0408595299665173
15.25243822 -4.278867888 26.6130829976472 17.6901113545506 -19.9078347289851 -13.2442282283958 0.0408440918074023 0.0411503562921166
24.32535592 1.778121488 5.37461708146266 3.59087970012915 -32.1910093881288 -21.565875964485 0.0233676225872826 0.0313178935010938
20.54916234 0.829360704 -9.39123084794485 -2.62166341566674 -4.70586252417437 -1.31785966042487 -0.0534755460893331 -0.0407532263602598
15.75509294 -0.502674304 -6.05337248489425 -1.69850783436252 13.7328294871968 3.85245866868964 -0.0492414329371693 -0.0399824047869305
7.938812048 -4.14063784 -22.2452492206954 -11.0640460327028 -33.0068150701023 -16.4143784289948 -0.055186716467119 -0.0443195575704509
-6.927201296 -11.53594541 -26.7794470598654 -13.3236305405133 25.2779533264059 12.567430672367 -0.0518396250067008 -0.0437988653605809
-14.39790707 -16.11638654 6.74836604821577 -1.50894240306976 21.0379503944298 -4.76142812681277 0.0408722798851871 -0.0336981164591719
-7.574369248 -17.61806752 16.9304940781142 -3.73445143070638 4.82338781243835 -1.07010329280819 0.0436808047145162 -0.035016285877262
0.486955824 -19.39620859 9.1982697609819 -2.01277094624434 -24.3944096734375 5.30881413499263 0.0359106734787607 -0.032897745021707
0.958194624 -17.85054533 -4.30770040609114 7.54149366221548 -8.6246827031886 15.0813079084088 -0.0429721822845976 0.0398802468844842
-2.31534424 -12.0888656 -6.75010430818513 11.7888246653462 3.12751546466557 -5.50080712365455 -0.0426043618650003 0.0409615428653753
-4.866316944 -7.65922088 -1.8858362617064 3.31106912737631 9.00313879936045 -16.0263770395289 -0.0387750545757747 0.0335286411287429
-6.192068768 -3.54373536 -4.10457053677157 13.5816839136892 -6.69758722343294 22.1958174053057 -0.0400372797041246 0.039383005528436
-9.03835112 5.899890192 -5.33989606438001 17.6998405580429 4.26595456816756 -14.1181249803807 -0.0391610204554879 0.0369536336688978
-10.62171349 12.12652554 2.13245770550064 1.22977897490071 10.0255213372047 6.10715945289728 0.0365205944670466 0.025251631064612
-7.5932188 13.70360472 8.92865375630926 4.67903974039955 8.32064937395781 4.35965960656401 0.0391226673464721 0.0266362733289246
-2.459857472 16.40537384 7.74731492166377 4.05731711212029 -12.3600718295056 -6.4391806227644 0.0362154934850243 0.0256481755364327
0.744566368 14.52670182 7.08095473552893 -15.8106993412403 21.6627076874043 -48.1924482611708 0.0354643244652751 -0.0535760873893986
7.744033344 -1.080727232 17.1934243266858 -38.3525669447335 4.19570136254728 -9.31577194413646 0.0395359652935411 -0.0611590083526134
15.84305752 -19.13231486 9.02343436459199 -20.1715320312288 -24.6387421659194 55.1539394782345 0.0273594509256637 -0.0445094416703182
15.84305752 -21.50735842 -6.96901249406161 4.38444689858241 -17.727307182155 11.1410668402707 -0.0516423182455816 0.0403947784338727
9.74836904 -17.64948344 -13.8604388944443 8.72678127289095 0.859056157353164 -0.540351535222907 -0.0515941200002816 0.0413334041629229
3.791910608 -13.91727214 -5.68015939660956 3.5696386494614 19.7393356011492 -12.3185721103687 -0.0442201146941372 0.0361799790180224
0.95191144 -12.72346718 -9.75700470444145 3.36951959454789 -23.5856789598349 8.13305154967444 -0.0459647253542125 0.0360117880682266
-7.348174624 -9.870901648 -18.4078940380787 6.33969237859028 2.75334274163444 -0.95175287969511 -0.0474485296067818 0.0361878319542247
-15.00109274 -7.225681184 -6.92400126297807 2.37101968802252 25.4929735774984 -8.70153046583152 -0.0374930344377426 0.0329499134370146
-16.65985331 -7.810017296 -2.44203578811241 -2.48333935249098 -2.70899435462559 -2.75386517698688 -0.034358598300596 -0.0375648091814111
-18.13011837 -9.299131904 -2.3703179119844 -2.40857786780281 3.24157015711941 3.30177229967481 -0.0335361007637167 -0.0368129011472269
-17.19392395 -11.19037029 6.81278337554987 -5.31409910931513 15.1813279764596 -11.844692760324 0.042075083225811 -0.0379238119830992
-11.68357158 -15.49435133 11.8315905081562 -9.23766597736413 -3.36968339589578 2.6298167841975 0.0424304150055237 -0.0385618252335216
-6.952334032 -19.18258034 3.97257856217713 -2.97519002316852 -16.4396482631791 11.6272943693396 0.0360544147686647 -0.0340570399921588
-1.34145072 -9.405946032 14.4337685059295 27.9826925694974 14.1038259543873 27.3525108160583 0.0402985512964713 0.0505869186507449
7.065449472 6.88635008 12.8920944853198 24.9787332731054 -19.757646771414 -38.3278897250316 0.0364108188004084 0.0402612218281293
10.83535987 7.703164 1.76972158448036 -19.8339038989674 2.97898578658637 -33.3328160302441 0.0286594542521007 -0.0544327207545585
12.08571349 -6.232938112 2.36350679221061 -26.5069705874312 -1.77642767422061 19.846323393541 0.0281069741090565 -0.0514971091279583
11.80925339 -14.38851094 -6.43259629579834 6.92126152675754 -21.2069557706697 22.737391246886 -0.049075736349739 0.0387359955842717
5.079963328 -7.087451136 -17.0639187480317 18.462827710943 -6.32769887660959 6.86490536299712 -0.0513938475706947 0.0434802418446151
-3.25782184 1.910068352 -9.92871378646037 10.7630472446692 24.634737906024 -26.7467643147305 -0.043654578131825 0.0339996033897209
4.746954576 8.827853936 -2.47827452854616 11.4815249835257 -4.55733606110776 21.0950102128659 -0.043061084418873 0.0328315521758702
2.943680768 17.23475413 -3.58406585548205 16.5944432687644 2.17231244682837 -10.0682629242706 -0.0425708460083564 0.0317813500146099
4.162618464 12.86794125 -2.58140405525201 -6.16523516283315 -8.71464477600294 -20.898055031749 -0.0428123379226047 -0.0471329979895693
1.410583872 6.32086352 -7.05039338494226 -16.8253400585784 -2.91668782885694 -6.98637502903715 -0.0440360644936642 -0.051942556384364
-2.089149616 -2.016921648 -4.2396474671011 -10.1109292697216 10.1251259768505 24.2282023826647 -0.0415242582425016 -0.0438927818638049
-0.417822672 0.464936032 9.2494561057252 16.4826357375966 17.0020418049069 30.2775058431728 0.0365032233232627 0.0393512986698656
6.349166496 12.54749886 13.3920473571461 23.8284595222312 -8.0868673891285 -14.4623581862249 0.0366713674365508 0.0370686728753622
11.31288186 21.37537238 -1.40489068022641 -2.05735421107518 -12.4116474063282 -17.7969465826985 -0.045298699092124 -0.046812427895144
7.473856432 15.77077226 -14.5125482098905 -21.2520016364259 -25.8871710905798 -37.9257384622244 -0.0507271184719385 -0.0582893979518978
-3.025344032 0.389537824 -20.4421974040245 -29.9305122867654 13.3489596418768 19.5795162618884 -0.0493084711641724 -0.0573934229722588
-10.23215608 -10.15992811 -4.57813893506946 -6.79558683587479 24.9754338812487 37.9855832733558 -0.0386290957169425 -0.0394320140418373
-5.01711336 -14.47647552 14.6905909917922 -10.4492127004625 13.0305370077083 -9.30081017669834 0.041358230455358 -0.0398433096297744
3.314388624 -20.42036758 12.3806514676712 -8.80995666802913 -20.4554762162527 14.5508260882215 0.036250570363673 -0.0369948638364325
7.015184 -19.20142989 2.03951451150794 9.97319458321378 2.36355703282219 11.5291839315643 0.0289201781905285 0.0420537028860893
8.265537616 -13.10045822 2.03527626897302 9.94459231876601 -2.674784361106 -13.0381777605645 0.0292283655823411 0.0405616777384086
-3.113308608 -1.168691808 -35.697751615026 1.31585311592245 -13.3007319054497 0.484676688360538 -0.059111263961663 0.0296451547603295
-23.10011691 -1.024178576 7.5753142950121 -4.06085427958153 26.8362151710216 -14.4876420130123 0.0456132995982529 -0.0414984949496139
-14.60525214 -5.529221504 22.2978690408078 -11.8206355712768 11.1629187289337 -5.90427967388914 0.0491819173426985 -0.044728557736208
-3.264105024 -11.54222859 14.3352908417646 -7.57997843540068 -32.3333372699528 16.991967353627 0.0399349454064027 -0.0390956538955823
1.23465472 10.28555262 -31.9527010447059 -16.0946973297523 -20.122486939333 -10.1255114944102 -0.0584477517918116 -0.0533168872110412
-15.59799522 1.815820592 -22.5506200357855 -11.3562121790965 45.9443058848655 23.1568102553034 -0.0456739223982487 -0.0465277712545104
-17.1750744 0.483785584 5.80226243863819 1.95284299275237 -0.358180289530275 -0.115797211684631 0.0411308122465593 0.0301690359346454
-11.74640342 0.339272352 13.6469341249696 -5.584944045349 38.4883380044185 -15.7480678210252 0.0437537240334271 -0.0433932105043204
1.027309648 -4.89461992 30.3381803943651 -12.39854347025 3.42454984621257 -1.37586222567965 0.0477243099057282 -0.0451992687123101
14.7497835 -10.49293686 14.3069178724449 -5.83315413385489 -42.9731204745162 17.4234580185296 0.0322045642148525 -0.0376586582605297
13.4177485 -8.66453032 -14.0936675537159 10.9677070942573 -28.9652220623671 22.5529261480525 -0.0538214273829754 0.0398352395164795
2.472441968 -0.169665552 -22.6239809709691 17.6279199902974 9.52575263203849 -7.39215466535421 -0.0532478638148705 0.0395739201786957
-6.160652848 6.565907696 -6.52877637673004 5.11993706714359 29.4521444659222 -23.4730870054666 -0.0405587627546674 0.0292104402103815
-4.646405504 8.256084192 7.70543464701405 4.62706011872412 13.7262179714445 8.25750457060465 0.0372465521363257 0.0289563376120269
0.901645968 11.60502126 10.8453691955432 6.52288133167189 -7.08428116218015 -4.25404087564339 0.0367173263200258 0.02881854468802
4.75323776 13.91094979 2.41449516706101 1.46475416051749 -12.8931663088476 -7.9713718842083 0.0303925182325609 0.025227727918625
-0.763397792 12.37156971 -15.4198529553952 -4.41047911392307 -14.4040794993304 -4.1090178851798 -0.0484339929424976 -0.0461434117668441
-9.6352536 9.83944656 -13.3895684539259 -3.82526704427371 21.3283028700873 6.09323620058657 -0.0433273468115548 -0.0451217189598607
-10.4583507 9.374490944 11.2190887459469 2.13677713025448 26.3609076439441 5.01821281014191 0.0418103353755481 0.0268520622319396
-1.102689728 11.15263202 20.5555221377693 3.91436139176442 -4.01456062758655 -0.752048097346806 0.0429407466354861 0.0274631353806074
7.348192752 12.7674103 7.41678706814655 1.4128631015661 -28.2070322975066 -5.36976282385403 0.0320018125038334 0.0256331684667894
7.115714944 13.94236571 -3.58011987798849 3.82669478841632 -3.02585460171607 3.23066118888483 -0.0445667089843268 0.0262626945369061
5.123945616 16.10378101 -2.92534002640724 3.13513390869015 5.00315858525695 -5.34808620507962 -0.0432969299636816 0.025252152791279
7.285360912 15.61997584 11.9516318601815 -5.06905648492414 25.2381370294095 -10.7057553410082 0.0353398684803082 -0.0474843140422346
16.69757054 11.630154 19.7021021057347 -8.35963277779337 -7.39381139403461 3.12728976119677 0.0355624380875352 -0.0483129213973481
24.31278955 8.381747872 5.8531009083865 -2.56030733314469 -24.9686555710872 11.3712805174812 0.0233177304800848 -0.0437501060276292
15.63571245 6.358562624 -30.9150578721247 -6.0315402999138 -45.8561823627877 -8.9413741515047 -0.0638414321419953 -0.0447935957802207
-5.01711336 2.33104168 -37.2045699846538 -7.25466887937488 35.142640325625 6.86060525329262 -0.0585639066105485 -0.0452641565413394
-16.84834883 0.025113152 -5.90360172698132 -1.15426210278755 42.3065212836663 8.47990186019115 -0.0357715871250703 -0.0396677369920174
9.62270536 9.55670328 -22.338309132125 -17.5614187226156 -24.8022798020534 -19.5154560463453 -0.055965309276076 -0.0538702745073766
-3.861007504 -1.036744944 -21.6667390229814 -17.0414768465327 29.5632757784263 23.2553579273828 -0.0501382212030176 -0.0490323963772175
-8.510563664 -6.013026672 4.83776078440367 -1.19845685115824 8.8900108882773 -2.19240861178393 0.0370295932205437 -0.03778309711123
-4.941715152 -6.886389248 6.9958546612063 -1.73745211454164 -4.24162409932134 1.02918271803481 0.0367227017678291 -0.0376442165238313
-13.03445614 -5.77426568 16.5523766111235 -17.1161210573911 22.1898268570359 -22.962665365591 0.0455398634963436 -0.0477725960689284
-2.397025632 -16.7635545 18.3809689735034 -19.0409777247336 -20.2144696703873 20.8713511425578 0.0420044807218654 -0.0433840727258415
5.375272976 -19.28939446 7.35710674399649 10.9356396639573 10.9105686486012 16.2228960748176 0.0325843160332681 0.0420557096265639
10.28872286 -12.00090102 8.84939133183095 13.1602562974466 -8.36665790649946 -12.4387594641445 0.0324098715206502 0.0422302609711748
12.80827965 -7.18798208 -2.03451455337287 3.36733853606828 -6.84498703264966 11.481991303156 -0.0463289260331824 0.0340572378279778
10.62173162 -3.612850384 -5.60729195608253 9.17796626892724 -2.32550583522577 3.82246231309851 -0.0470777354851429 0.0362023214176896
7.844564288 0.929891648 -3.36737099378979 5.52364284271345 8.09872635374377 -13.2950301792086 -0.0443872469689765 0.0318648913054904
16.09438488 -1.84727568 2.1427240643456 -9.96332204425683 2.58434487571914 -11.9558582404695 0.0262361274004532 -0.0443746791136596
17.42641989 -8.017362368 2.20007655969227 -10.2040012634396 -2.76129614208276 12.8174050901782 0.0249105743174121 -0.0418519485712167
15.01367723 -9.028954992 -15.3873646374314 9.54188398746367 -42.2784905317289 26.2467213844773 -0.0555765932690247 0.0393796919791777
0.851380496 -0.24506376 -33.2556962846023 20.6474861000923 -2.30222994556656 1.45787325468207 -0.0589957106587881 0.0415862067106799
-13.97693374 8.984933536 -15.142652585958 9.38479770158447 47.0853645056318 -29.1145895258736 -0.0418395761785355 0.0305165063996964
-13.14755346 5.62971328 8.6667034631158 -13.4335038420252 9.24041500900552 -14.319404280134 0.0411686176998117 -0.0498239392245893
-7.97020984 -2.375063136 8.18051439842199 -12.6797487568412 -11.6176364184229 18.0059334969902 0.0382988778609976 -0.0451332679461738
-3.678795168 -7.75346864 7.82558703264354 -7.44322758139745 13.9495635888268 -13.325348870298 0.0370136205423097 -0.0411048384583894
1.963504064 -13.13815733 11.0145235517016 -10.4994665503828 -7.19454875863821 6.86133020919827 0.0362629802592913 -0.0403385841514426
5.965892272 -16.93948365 -1.23637225761107 1.23122024987087 -11.4869836630833 11.5347694208046 -0.0433152811312869 0.0358644652685115
2.447309232 -13.42090061 -13.5355222341869 13.5267805239716 -24.8807334561692 24.8331714333532 -0.0489897611896962 0.0426654696316626
-7.480121488 -3.487186704 -19.5896902366245 19.5526128160871 11.8554528112478 -11.8532730820266 -0.0479985607314167 0.0418184746246106
-14.51100438 3.512280272 -4.61575672525039 4.71109115314326 24.1275035578863 -25.4373850661788 -0.0361723882271753 0.0298373518604355
-12.70144739 5.793076064 9.63969985371956 8.97861580599025 23.2850628248055 21.6784183878784 0.0416848216229428 0.0326679236032846
-4.51445864 13.40829507 18.1554324886003 16.9151113811488 -2.74866997374034 -2.55023785043515 0.0430383134653742 0.0332864425654111
3.031645344 20.45802752 6.82475594299268 6.31978914041314 -25.1574500640415 -23.0403461336819 0.0335038920550734 0.0268456496192749
7.021467184 4.492456976 -2.19872433261693 -5.76655808243625 -3.15265742256927 -8.28072664645541 -0.0436238790187478 -0.0441761990233799
5.582618048 0.691130656 -2.57246211587586 -6.7625015111551 2.56213032660742 6.72085178928785 -0.0433791476336176 -0.0432257101622268
2.80545072 -1.834709312 -7.64148565499322 -1.47219296412682 -14.8677343005259 -2.85814587999889 -0.0453361983484423 -0.0391876324446415
-2.949945824 -2.934266512 -11.6591309447348 -2.24084032450765 5.94536469604286 1.14789183642345 -0.0452709181479101 -0.0395280448910611
-6.77640488 -4.040106896 5.57558822085864 -1.77554206094346 23.9994344351892 -7.69408294631264 0.0369459223214126 -0.0391526039734713
0.518371744 -6.327185872 20.7676700243688 -6.49652321749137 16.6752273827916 -5.21641907583596 0.0426629409911488 -0.041323285452097
12.02916483 -9.933733488 16.5268757261926 -5.18003874139189 -29.3223570176891 9.16037459745191 0.0350922113927213 -0.0379496598923856
13.82615546 -10.40497229 -12.0083735714975 4.28492596615372 -39.5014347647646 14.0754955984025 -0.0529336813942064 0.0364859560703031
1.222088352 -5.925062096 -31.9400270804097 11.380190526001 -11.8951813297754 4.23891711741302 -0.0586076755825918 0.0378608993175632
-14.3853407 -0.345594704 -18.5863884790017 6.65978914614856 46.0651221658005 -16.5876840521562 -0.0441368981891877 0.0322294567443356
-16.00011899 2.029448848 10.1220377436234 7.1086111036553 33.2575540791084 23.5009124373198 0.0435342252776708 0.0331599131310577
-5.36268848 9.456172336 26.9544057506259 18.816192397041 10.0053097849181 6.99743105639148 0.0485319959107245 0.0359226463717339
7.806865184 18.64847053 15.7061645089776 10.9458921141288 -38.9562856829262 -27.1307294588797 0.0364470236818051 0.0298591640459006
9.333678896 16.29855971 -3.91035842847584 -12.9911890700166 -4.69172922543328 -15.6101534210848 -0.0454741606317865 -0.0530282825615175
6.914653056 8.256084192 -3.99883946420871 -13.3184366071659 5.02576610491943 16.7104839498273 -0.0445214043358328 -0.0503031983205763
6.487396544 3.260952912 2.51612433505636 -4.36438611011726 4.2295100293449 -7.33762739740509 0.0300719800131459 -0.0429433815895529
8.252971248 0.188475936 3.36183187001618 -5.83077642737751 -2.51797242559321 4.36089168782843 0.0296552480589046 -0.0424361856418516
9.87403272 -2.117452592 2.44260247503978 -1.3688148849074 7.26991019121292 -4.08348791199203 0.028698372259523 -0.0392544395146866
12.24279309 -3.443204416 5.74074943089537 -3.21059929403821 1.14063078464962 -0.642089891144925 0.0294939090744606 -0.039706116513771
14.9068631 -4.932319024 2.90169484855681 -1.62686646439671 -8.13552854101955 4.562823183124 0.0265063338469667 -0.0379450541085126
10.92332445 -3.436921232 -10.0149230932143 3.97120039916064 -4.57881671690921 1.81258631488772 -0.049759716364224 0.0329272838043718
5.921909984 -1.445151904 -6.23074031766088 2.46625858268695 14.5078669603651 -5.72385526615222 -0.04534779616079 0.0308605232579205
-9.497023552 14.33192312 6.04640155171105 3.35478002044061 7.53931085837923 4.18075262984854 0.038287121048562 0.0255437902983045
-5.714546784 16.44307294 6.36631503843159 3.52872659396935 -7.65267821339403 -4.24423599498155 0.0367785735157115 0.0251459978056504
-4.439060432 16.95829403 -3.73457158772853 -3.32011335842764 -13.6419836195204 -12.1447276822486 -0.0402318770745584 -0.0469848643848688
-8.680209632 13.18838363 -11.2877835491127 -10.020408679774 -6.12846617064 -5.44681473301998 -0.0428531019047819 -0.0503025850028439
-14.47958846 8.029889568 -7.47104869939297 -6.65004697377185 16.2386071962913 14.5302806972737 -0.0380345761699236 -0.0460017399980715
-3.779326112 -4.731257136 -21.839651132524 5.20294326900635 -17.5329616242331 4.18021036027384 -0.051048082385467 0.0339082801278288
-15.86817213 -1.84727568 -17.3714038898265 4.14307545820072 30.8542567788037 -7.36307221773114 -0.0430328434752503 0.0316746955574566
-5.20560888 3.041041472 32.693161556708 8.71919825506066 13.5523975845204 3.62115054169171 0.0516571800603943 0.0325872886002746
10.9798731 7.363872064 19.6808231867392 5.22938368769815 -47.3021545433148 -12.5222569576648 0.0373985767734279 0.0299166758430747
13.20412024 3.707058976 -4.70705791675804 -15.4413713206324 -6.97814353378767 -22.8848552068219 -0.0470306722073219 -0.0500125224202772
10.04996187 -6.597362784 -5.66835099266718 -18.5719930887758 5.34044755790865 17.5559040618642 -0.046708754848353 -0.0473950555074572
8.05190936 -11.85638779 -1.05140626182005 4.38214123069157 -3.41410748144205 14.0160327715888 -0.0439539794311694 0.0360198946832551
6.971201712 -7.319928944 -2.69557965569951 11.3259667534266 -0.883580203981538 3.72407106310409 -0.0439868995875977 0.0388452593707085
5.66429944 -1.866125232 -1.52752051608909 6.38379987492991 3.98390589322046 -16.3205040132637 -0.0425160407674975 0.0333184443425865
3.107043552 -2.186567616 -7.81553707152446 -4.87132761176766 -11.9609023522725 -7.45544729291238 -0.0454142068845656 -0.0412534282632829
-2.177114192 -5.485239216 -9.66043341155417 -6.00615619757548 8.63208517585096 5.39463042081402 -0.0444194887749734 -0.0408236381290641
-5.312423008 -7.420459888 -1.61220063884888 -1.03511416985607 10.7920987295268 7.36073575644203 -0.0387390393208566 -0.0370868834465783
0.430407168 -10.09081309 12.8925359958284 -5.81908139075153 5.35388508258331 -2.4110237543309 0.0381087981038452 -0.0391471950481117
6.820405296 -12.96222818 7.780709979489 -3.48762355636669 -18.7002264729791 8.30471747166793 0.032333098057564 -0.0361956114481932
10.11279371 -7.634088144 5.52156840168209 17.6895747637505 6.38357718483193 20.4475251767315 0.0302266551623098 0.0429459246242879
13.48058034 3.17927152 5.50463448283271 17.657803604406 -7.21201736417184 -23.0996665387619 0.0295225154428466 0.0382076828762239
14.54872162 6.597323616 -1.38638463450637 -4.44292858143414 -1.59266343415476 -5.12690472788306 -0.046183571415871 -0.0440413035236889
13.70049178 3.882988128 -1.37993829465999 -4.4297836284657 1.80865936804227 5.80939822205206 -0.0458835111697343 -0.0429952802733527
8.893856016 3.49343072 -14.32650752626 2.75242069644495 -19.8693778952765 3.81237319298619 -0.05159467398671 0.0299142279638868
-0.43038904 5.28413816 -16.3448548078043 3.1352551554514 17.0965708241858 -3.2760927093529 -0.0486824217023701 0.0289615733899061
-0.889061472 2.243077104 12.342566232359 -10.8001178356827 10.9626228586361 -9.60670431547773 0.0385109858551008 -0.046685821396106
6.122971872 -3.901876848 10.4133957087563 -9.10856687501873 -17.1764186527798 15.0717272179094 0.0341353854132911 -0.0425168702621121
-5.978440512 -8.651963952 -5.74037480503913 -3.57426700433757 -2.86576158468579 -1.792092671837 -0.0407333343825647 -0.0381335324062854
-8.893837888 -10.46780413 -3.68520189078653 -2.28454309483667 8.30234292770282 5.12535257397476 -0.0384243722077952 -0.0367259868856202
0.141380704 4.329094192 10.3480963129176 -3.52384544599476 11.9827096654339 -4.0635498274471 0.0369307659398252 -0.0428696607780366
6.468546992 2.167678896 10.3372708854866 -3.51222371639477 -13.5234818947058 4.59026540906301 0.0341348706609376 -0.041634758812608
9.208015216 11.89404773 6.54338722506663 -2.99870682759497 15.8041939374237 -7.24750472304491 0.0314086227265685 -0.0450758074364077
14.76234987 9.355641392 12.3314480975864 -5.64338709220829 -1.85675418696035 0.850003407824665 0.0322220303282494 -0.0457518277056356
19.88314483 6.999447392 4.60119527526479 -2.14316172396609 -16.8244263498003 8.02291332240791 0.0251674978519876 -0.0427258576485005
11.50766056 -1.5645324 4.79334956035983 8.71537760928878 9.8428832948157 17.9164073720675 0.0291974091515216 0.0351176962874716
15.2210223 5.183607216 7.68470946537038 13.997718299437 -3.2322742859083 -5.88979531165423 0.0297053923694189 0.0354298791502776
18.16155242 10.53687998 2.16500805055286 4.01752863973986 -9.42039556630753 -18.0867147040995 0.0248554014332931 0.0280716069199801
12.27420901 7.803694944 -18.3422202250927 -9.2794682025615 -22.0207244258248 -11.1281384150851 -0.0550012984213233 -0.0475446328421461
0.914212336 2.060864768 -18.7882321378675 -9.50766079626883 23.6057120109924 11.9346775099626 -0.0504907347484697 -0.045743108524948
-1.7812736 -4.310283808 -3.49770332013656 -1.71395636802392 -10.6451674167073 -5.22277556044751 -0.0411720184325787 -0.0385650569714668
-5.249591168 -5.99417712 -8.4789814555415 -4.13100129004449 -2.06470216784436 -0.994094394901078 -0.0425975363173916 -0.0394826218056049
-9.22684664 -7.935680976 -4.4455963461357 -2.16024535769241 12.1456432624558 5.80457930675963 -0.03872863473218 -0.0375556246453669
-6.52507752 -2.796036464 8.30829736290749 13.3262816483804 5.22750556590675 8.40709608572255 0.0382650700084883 0.0383552396090347
-2.15826464 4.234846432 5.85866526336698 9.40037373269736 -11.9178461871075 -19.1827925491386 0.035142163242056 0.0328826460287313
-2.91224672 4.649536576 -7.82331142915966 -6.13008505191548 -15.1969243330923 -11.9156679122281 -0.0432391332123981 -0.0445819594162075
-8.805873312 0.043962704 -11.9138903971997 -9.33615003189983 6.11240853557831 4.78120707837342 -0.0430768927782818 -0.0447065236782995
-13.20410211 -3.41807168 -3.10265760230876 -2.45243983696133 14.907544437713 11.9698061360135 -0.0363071021121459 -0.0390257000053346
-8.900121072 -2.582408208 12.4416170178774 2.77902369580482 11.6089127373752 2.58808377032547 0.0415019702170054 0.0315887858709721
-1.731008128 -0.980196288 10.7920343355216 2.41431734195237 -17.2136028299323 -3.84409317557925 0.0375506914662065 0.0309728644094116
-1.894370912 1.2629004 -7.58883337512531 -1.29127928423672 -0.884075842381782 -0.137816051908654 -0.0434323214985406 -0.0402809022517287
-5.438086688 -0.364444256 2.17458594394312 -5.04031351230482 6.28177936992767 -14.5737151147673 0.0344207088822017 -0.042407420128922
-3.3520696 -5.171080016 4.97652226655348 -11.5138812699095 0.771533699600314 -1.78785207971511 0.0350856521592415 -0.0440381559188802
-1.09012336 -10.44267139 2.42121036889058 -5.65332836953658 -7.00381893438175 16.4557417857082 0.03241266450063 -0.03857073239473
-5.04852928 -10.38612274 19.8729922895626 2.31584000738585 24.7856435770145 2.88345897474611 0.0442638370584644 0.0334226372931657
7.39217504 -8.940990416 20.9298906327558 2.43619324848377 -25.1479595581277 -2.92833868515713 0.0399096823174465 0.0339345503327201
12.09199667 -7.213114816 -8.28379130727263 6.02013253318187 -27.2015281183239 19.8940473851058 -0.0499454824465833 0.0361596675143782
3.4023532 -0.898514896 -22.0501465283097 15.9979851221525 -8.20327887977448 5.97613818653628 -0.0536581787355858 0.039397494318191
-7.398440096 6.905199632 -12.8498486035657 9.30879139666443 31.8894222079034 -23.0877623142412 -0.0436414063603039 0.031497768891149
-9.1640148 7.13767744 2.22383020870181 -6.18644299847386 4.95366600818089 -13.7757303147967 0.035903522527287 -0.0456954976576902
-7.37330736 2.129979792 3.85546549631824 -10.7437929045385 -1.10639061939658 3.06067858646434 0.0358940031049581 -0.046185973501819
-5.83392728 -2.16143488 1.23419805356454 -3.57532243719428 -4.86379865758168 14.679736059133 0.0336295561228412 -0.0399710968471906
-14.33507523 -6.264354032 -12.5277253468856 -5.41022951653076 7.59257996947504 3.29777955709066 -0.0410816740433738 -0.0401040552854565
-16.34569411 -5.71143384 11.7896646081821 11.3108574613228 26.9993096919988 25.9390184661943 0.0445143178751114 0.038595888014765
-6.638174832 3.593961664 21.0393908134889 20.2180650540223 -5.07789111488909 -4.84066497637615 0.0457078527317793 0.0392438871352697
1.856689936 11.77466723 7.26456371841556 6.99576247707669 -28.6374471132864 -27.6015541773545 0.0341583805755368 0.0293517605128056
1.134123776 13.32661368 -4.3743059641201 -6.95452796046764 -8.754693719349 -13.9043921439235 -0.0427021609231346 -0.0479753260478083
-2.202246928 8.004756832 -6.85758377746516 -10.8712888060607 3.18078260252593 5.07973358127228 -0.0427554832653645 -0.0486366496663717
-4.784635552 3.914404048 -1.8661232870366 -3.03198859218301 8.66135509185377 14.460070962974 -0.0390679213969995 -0.0419508860112899
-3.471450096 2.318475312 5.65698449188338 -5.21910359572695 10.6498140962116 -9.8643623600927 0.0356587467378676 -0.0433500118448955
0.725716816 -1.5645324 8.36593903928173 -7.73830259622507 -4.68431094018225 4.33143498249507 0.0352949879087638 -0.0429557756576214
3.766777872 -4.379398832 2.06393490835322 -1.93556596454417 -10.1666689761779 9.79986174290543 0.0304061970471458 -0.0383330285294692
-0.989592416 -3.531168992 -13.1588956040233 2.65717851897849 -11.7278436248897 2.34566991812063 -0.0470822364616306 0.0320947515183018
-8.460298192 -2.010638464 -11.1096085126155 2.23703005036924 18.3516762555431 -3.71737278348494 -0.0426934150773871 0.0308706913514932
-8.50428048 -0.603205248 10.1232017317712 3.3023567017908 18.5750728099469 6.07489873255607 0.0400947591033312 0.0313139070695813
-1.083840176 1.809537408 14.6196353470135 4.77690554312288 -8.88459334960335 -2.89261006029043 0.0395730255737085 0.031280408146838
4.552175872 3.405466144 1.15159457052895 -1.37231359740017 4.58732490831529 -5.25969862427059 0.029989668812455 -0.0411697541057138
5.859078144 1.771838304 3.54926492014507 -4.45472799041743 2.22070142613634 -2.80818270838191 0.0308142375529699 -0.0423796095686488
7.725183792 -0.578072512 2.50005450604937 -3.14782250658313 -5.11307150511546 6.41752884653978 0.0292752999046003 -0.0404887180984833
4.583591792 -0.282762864 -6.73521003719545 23.1265154307661 -4.21622673952388 14.5841054431914 -0.0450836817602723 0.0436993913366011
1.033592832 11.88776454 -4.74313697617044 16.3168185166063 9.72431018405565 -33.2638875261114 -0.0423050983758673 0.0341888795718408
-7.568086064 7.67174808 -13.9617733727374 -14.004344146665 0.870038048387201 0.881433239414814 -0.0447154590714543 -0.0506810841369657
-13.7570223 1.156086272 4.11604599225182 1.47124188989457 17.6582391339198 6.17837289597612 0.038888857496768 0.0297303361352318
-8.359767248 3.129006048 15.412317138548 5.6360028471742 12.3457712313016 4.51598891924797 0.0430215710547736 0.0313014326807313
0.19792936 6.251748496 12.2469703719799 4.48418231297684 -21.787846891269 -7.96214848480075 0.0375815276116677 0.0296284136766103
3.358370912 6.754403216 2.27332827895513 -3.80275130472926 9.22067570058685 -15.0956667050176 0.0312307651198698 -0.0439527279013542
6.035007296 2.14254616 7.3785793227007 -12.7122500084497 4.96148461289985 -8.54688668010654 0.0331649428677507 -0.047628270258286
9.961997296 -4.655858928 5.36485382476911 -9.23803277926789 -10.5637306738578 18.2493462748114 0.0297783992762186 -0.0423672764151853
10.69084664 -5.529221504 -1.342513884742 3.36250366199787 -1.61166433988385 4.06344450697509 -0.0448053483126029 0.03328961473463
9.848899984 -3.4494876 -1.37721004126859 3.44871051768899 1.72437432047819 -4.33745273960102 -0.0442700159967568 0.0324247714875485
8.49173224 -3.989841424 -3.89615437666544 -6.09128313896679 -7.79020913076357 -12.1626403342624 -0.0450982064890632 -0.0413204800126429
5.513503024 -8.6331144 -6.09028745460131 -9.52349711967919 2.84633756837335 4.42753350004413 -0.0453358432042656 -0.041649425761213
3.220140864 -12.22709565 -1.68737292926148 -2.58930216107814 7.9961072706177 11.959765273797 -0.0422743951020163 -0.0365741434115877
2.221114608 -1.81585976 -1.09042360343448 13.5328124330329 0.981488004114561 -12.106954428622 -0.0409477893878618 0.0377394309343406
-0.17906168 9.003783088 -9.41609588416219 -14.994139595575 -11.7676615814259 -18.7000919719315 -0.0449244963625843 -0.0518888184589745
-6.078971456 -0.377010624 -9.93357672850398 -15.7902867926242 11.9203719357884 18.983559885328 -0.0429505487560827 -0.0480598977424199
11.55164285 -5.77426568 2.23797643637772 -2.22496148691941 2.28457225424291 -2.25663207597496 0.027786231733214 -0.0383344200840676
12.8648283 -7.074884768 2.0538778628458 -2.04438791078108 -3.04175876172624 3.00014701215918 0.0269420258100221 -0.0375844926367307
6.726157536 -3.556301728 -17.0119127704884 10.3354665692481 -12.8789659624099 7.86861109131323 -0.0522124262752936 0.0370360682865108
-2.591804336 2.11113024 -13.1361965582501 7.99080615714766 24.1379483324626 -14.7224332856798 -0.0458742867746884 0.0325810444999383
-2.302777872 5.039093984 13.5194205289983 4.70081057889253 28.5680260339512 9.93215128522547 0.0398013417866388 0.0300974794461455
8.322086272 8.73988936 22.3034928075262 7.75200989728966 -8.33963654939806 -2.908779934495 0.0404235764382382 0.0305038359110211
16.98031382 11.74325131 6.75114367534347 2.33238746748136 -29.5966626495128 -10.0765498631053 0.0275973389398004 0.0265980145084492
16.54049094 9.129446768 -2.6273034878017 -7.08162829094996 -1.85819129629094 -5.05435018498563 -0.0477405660260806 -0.0466516412295338
15.13305773 5.31555408 -1.96886970094705 -5.30670906081817 3.77010296017271 10.1162385858029 -0.0468094222493119 -0.0440963744884322
12.24279309 2.783430928 -7.79163374092274 -4.29537605682228 -10.4406162709074 -5.75758658307233 -0.0489550412473479 -0.0425426959136108
7.23509544 0.025113152 -8.65337957125617 -4.76775902360395 9.50272973586698 5.24286281726602 -0.0473656059737667 -0.041971018877824
-0.58746864 1.935201088 -15.4098203303757 10.0137925623596 -17.8519334285591 11.5809210098601 -0.0486820655260225 0.0349452272617369
-10.03109419 8.067588672 -15.3931487406154 9.98709904188168 20.1466258007087 -13.0936745429989 -0.0443032268251918 0.0316856189319278
2.321645552 -1.357187328 24.6753461284853 14.025564258864 -1.53643539650893 -0.841313903842339 0.0444370472078647 0.0375170158900726
-2.75516712 3.895554496 4.41090168665633 10.6592766045547 7.38813727388027 17.9218618790151 0.0345078430924894 0.0344632480428836
0.348725776 11.37254346 5.87849164277503 14.2442651422939 -4.41720024941677 -10.6799187415888 0.0343263385607847 0.0330781186909043
2.089167744 14.79687874 -1.73393468920511 -9.26640585837251 -5.53269267389493 -29.7110930016378 -0.0414239624469056 -0.0495098244267894
0.311026672 5.265288608 -4.47054381207799 -23.9025878466745 -1.47950439233819 -7.84993730078271 -0.0418897394045311 -0.0561180995313445
-1.850388624 -6.270637216 -2.53621097318461 -13.4547989224935 6.52307739826902 34.568278066399 -0.0408368339147164 -0.0441928379815553
-8.799590128 -11.25320213 2.63355448237993 -6.92624513429888 3.02662248991568 -8.00880620842875 0.0360246172289678 -0.0390138467322686
-7.18481184 -15.48806814 2.61917084564328 -6.90893748386895 -3.42806199760843 9.04313078067195 0.0352322504304176 -0.0375223280207654
-8.039324864 -15.67656366 -8.25924340306081 8.95796847894337 -23.284901032155 25.2401310649058 -0.0415176003764788 0.0401235783133389
-15.7990571 -7.28222984 -18.3675788342712 19.915215719306 -2.07242618388263 2.24705680674443 -0.0442885109209099 0.0441711486140127
-24.11799272 1.727856016 -8.63494413569071 9.44463793875947 25.7965249381997 -28.5722743374312 -0.0337864568853424 0.0332319659620251
-21.21516171 4.825465728 17.5930076676122 7.18565066252398 38.2154020542886 15.6016345132691 0.0506281514795549 0.0316076031461028
-7.18481184 10.55572954 29.7870045215288 12.1690102219739 -9.8610425497848 -4.01582467845426 0.0503767411639825 0.0320833992080295
4.545892688 15.33723256 9.46457719906473 3.80443168166967 -40.2682305661912 -15.7302239571116 0.0341337045997146 0.026438891952193
6.908369872 13.11298542 6.33658210377986 -11.371789982095 14.521184581344 -26.0279291432495 0.0323917859565175 -0.050473778663805
12.11084622 3.776174 11.3208996562267 -20.3007541202367 -2.71102033761683 4.86140966317382 0.0332066307523595 -0.0525701282654737
16.69128736 -4.45479704 3.8965219121241 -7.04169060633195 -15.2782782845588 27.8046045256938 0.0257720445842665 -0.0409591089732673
16.2451813 -6.063292144 -3.52155353017574 -3.47346615394853 -7.23242476962056 -7.15844789573878 -0.0482077484600974 -0.0386824380780019
13.52456262 -8.752494896 -5.65315465857557 -5.59766206846989 2.37298499763437 2.31808446832336 -0.0483595079525051 -0.0392212993382824
11.36314733 -10.89506064 -1.69156664319457 -1.56123593596741 8.07137851674695 6.75375292301396 -0.045401256900666 -0.0362768936052637
8.102174832 -7.75346864 -12.2175090310436 12.8347315666403 -23.7544382927867 24.9712499548268 -0.0504553260878876 0.0405642340929261
-1.108972912 1.910068352 -18.6121982632253 19.5673722218737 9.53759680032557 -10.0235158177347 -0.0496193208354322 0.0398319423502556
-7.982776208 9.14829632 -4.85175330900154 5.11129350375476 23.4079862274027 -24.729772225953 -0.0389251865566431 0.0284413279087253
-4.194016256 5.962722032 14.1965185564836 -12.2043755563202 21.7387463326686 -18.7057399645445 0.0410316814131061 -0.0491825499350878
5.419255264 -2.299664928 17.5460080445486 -15.0804630055218 -15.6896654676736 13.5174063844143 0.0386076947320783 -0.0466352196001531
11.40084643 -15.1110771 -1.71575858018957 3.31363306206573 -8.14501320213298 15.368856861952 -0.0459917865806884 0.0365045062713673
9.013236512 -10.3232909 -7.09109107671539 14.1265013397874 -6.60927526803519 13.1783609977911 -0.0475303549775719 0.0419695538904626
4.929166912 -2.217983536 -6.15475837081802 12.2609067593017 9.81534883633368 -19.5358963143799 -0.0446611576432452 0.0368957002726742
2.723769328 0.502635136 -2.86035547389257 -1.50742069224821 -6.35230804409145 -3.36690895376342 -0.0425088900735185 -0.0401130756485032
0.4178408 -0.722585744 -4.95971754481565 -2.61333953706177 1.41491523753416 0.743693420170705 -0.0427873690517019 -0.0403717606067938
-2.792866224 -2.6640896 -5.35070905907352 -4.08647605854589 -14.7258051697917 -11.223481910137 -0.0418090709584282 -0.0407072817900886
-7.731448848 -6.434 -11.5651045455458 -8.82167836818003 -0.80056706290765 -0.614386004897435 -0.043260274871728 -0.0421239057065525
-12.88994291 -10.36099 -5.23261749981114 -4.04785338212657 16.1494294794188 12.6906752899344 -0.03760932641215 -0.0377063032631758
-10.08764285 -12.86169723 13.2176501455921 -7.14714220330482 23.5714892930768 -12.7517869783953 0.0425665954973213 -0.0387785132548044
-0.543486352 -18.0201913 18.6039613203799 -10.0684351136844 -12.1665987685051 6.57936824070743 0.0416050161211216 -0.0383740413193217
6.035007296 -21.57647344 4.18314276158079 -2.21447769842048 -22.9210351674831 11.6964127746873 0.0303413795210383 -0.0325896811944348
4.8160696 -18.2526691 -6.00768454419394 14.0954107112517 -12.3192690641325 28.955740337232 -0.0458434425202074 0.0439821964407567
0.153947072 -7.351344864 -9.6211260997267 22.6202506531775 4.05453681188268 -9.51925144713418 -0.0448602435857037 0.0460686176771154
-3.515432384 1.29431632 -2.78211587241303 6.56112976047709 12.5548950531463 -29.9474666352848 -0.0396310282233247 0.0317324611816032
-2.81799896 2.726882272 3.13481623392057 2.86275756007686 4.64328559614032 4.25123437736731 0.0337864250170782 0.0300085938652856
-0.719415504 4.643253392 3.76760846269866 3.45019649385355 -3.56357841535418 -3.247452705413 0.0333251615697927 0.0295782432958742
0.172796624 3.889271312 -1.30754799758404 -7.74513138304982 -2.76086064979959 -16.3623207565161 -0.0404626159730551 -0.045427941462837
-0.851362368 -2.211700352 -2.15216143431682 -12.762492837008 0.810155720652103 4.81393235846922 -0.0406341331923448 -0.0457612969214604
8.039342992 3.989802256 -2.16006335799554 -10.3572485262225 -5.49165109303642 -26.3366346847674 -0.0437324036700512 -0.0470778577906642
6.148104608 -5.064265888 -4.29179133378697 -20.5951324488925 0.264512657108525 1.28327548753939 -0.0440750984620441 -0.0492133423330261
4.31341488 -13.89842259 -1.74201429934141 -8.333233248476 5.97247441000506 28.4124918854144 -0.0430966919724463 -0.0396683932679807
5.123945616 -3.85789456 1.88344677174298 20.3451735069245 -0.110642938495128 -1.25163623426139 0.0305521266723733 0.0430560322574215
-13.66277454 -7.257097104 3.46047928367887 3.32968208945455 18.2195972645379 17.626154855587 0.0383576084553979 0.0340571839536216
-8.058174416 -1.928957072 17.3591548278536 16.5574602674069 19.2436704350333 18.428201205707 0.0442274636999309 0.0399328150261034
2.403326944 8.073871856 16.8251444353651 16.0679614586965 -22.977527185436 -21.951623451863 0.0396793832305943 0.035215004852004
4.244299856 11.68670266 -8.99409931697622 -2.51756336402281 -12.8938683281493 -3.61580967555573 -0.0466527582508987 -0.0446691918056715
-1.674459472 10.0216589 -10.5388539795241 -2.9530755181964 10.4746065844727 2.93961070479299 -0.0449971476101183 -0.0444988126022341
-5.859060016 5.522899152 -2.12760405373578 -8.91385428380991 -1.53548994181814 -6.38862441392379 -0.0387330353483649 -0.0465877918616238
-7.008882688 0.709980208 -1.59099535417811 -6.68711669157437 3.05182734375449 12.7415685407475 -0.0381168574585617 -0.0429673545569819
1.159256512 -7.326212128 6.76980636759219 5.07481291159527 13.2023879834646 9.86839555057109 0.0342852573243863 0.0346599923210291
6.26120192 -3.506036256 10.3328578567176 7.74179923760842 -5.2884286891901 -3.9499352015405 0.0345304874548572 0.0349964145097074
10.07509461 -0.647187536 2.74010926268128 2.04296780760567 -13.5374661287088 -10.1031666762443 0.028627628967002 0.0307083527702593
12.57580184 0.471219216 4.83689673818064 2.02624184867192 1.38048975057106 0.57329688266946 0.0288698729715319 0.0302747568875438
14.88173037 1.432546368 2.60694569542245 1.11032036721512 -6.81010763171346 -2.96337914770827 0.0265813264923712 0.0294859826446036
9.409077104 3.028475104 -17.7966228000373 4.24665622088596 -21.3630640752207 5.10013667188193 -0.0537789881276127 0.0310168866245616
-1.59277808 5.642279648 -18.2318698773029 4.34903442576591 22.890749079525 -5.45191590260784 -0.0492242457944396 0.0294591245563836
-7.93879392 7.816261312 -5.54133530587324 4.36285864033619 -14.1024812704671 11.1106693745122 -0.0402207706638288 0.0292206960994409
-12.78312878 11.62387082 -11.0121794283431 8.67987000797556 0.684048763186229 -0.535776300448524 -0.0409837534678357 0.0297530637210718
-17.50808315 15.34979893 -4.44585858969479 3.53545236614922 15.1131007333272 -12.2097334049863 -0.0343626653717363 0.0250865592388748
-2.258795584 10.64369411 13.9302770490274 -15.0955333902493 0.953674468640471 -1.05113470992707 0.0398622102996905 -0.0523888731936139
5.017131488 2.638917696 1.25505734415366 -2.4232074672209 6.1555691244459 -11.719773757754 0.0299683748706214 -0.0416863360953391
6.663325696 -0.65347072 4.89634550051963 -9.70383044701404 4.57478159790381 -9.04575280194446 0.0314573412504218 -0.0448135144562477
9.484475312 -6.220371744 4.24536186436442 -8.40103305027837 -6.77853796222242 13.406426833663 0.0294136330871933 -0.0414835374568496
13.34863347 -5.4915224 6.91847103853421 6.95506466724462 4.64697375341546 4.70128350960379 0.029694483943627 0.0353161168688537
17.57093312 -0.860815792 -4.82007570885329 -1.62311260428419 -23.4043938271946 -7.82475248378522 -0.0497434937239692 -0.039264421913581
10.61544843 -3.248425712 -20.8534564552053 -7.14047410528005 -20.3499023987976 -6.94930306176701 -0.0556285409759296 -0.0422327478250429
-1.523663056 -7.401610336 -18.5972423374752 -6.36353917892346 28.552458596174 9.77266813659079 -0.0496082577698042 -0.0409108270578664
-1.523663056 0.923608464 -1.80127843533318 -4.04082795991782 -6.11037997920492 -13.7090125276401 -0.0402030491014434 -0.0420872127301004
-3.452600544 -3.380372576 -4.92733596537304 -11.0452953803711 -2.03831632613702 -4.56787536129001 -0.0411630385964877 -0.0445386763851294
-5.884192752 -8.846742656 -2.96416353422324 -6.63992460115972 7.11423758797074 15.9400186537935 -0.0393625174200236 -0.0397648730702976
-5.683130864 -7.778601376 2.58966464463319 7.92994877687597 4.08388969755477 12.5485902861808 0.0344978145312345 0.0369052021475541
-3.91755616 -2.337364032 3.28020651020108 10.0740197358178 -2.77629656695558 -8.49975444561548 0.0344102671164851 0.0358825270211065
-0.3675572 1.489095024 9.70529413435338 1.74257528150208 19.428556507527 3.48896622461137 0.0367676699070735 0.0295480446212041
7.052883104 2.814846848 15.2028718452859 2.72542219553303 -7.07167041982684 -1.27400107235593 0.0368482560865189 0.0298112029654874
12.48155408 3.612811216 -4.72862241253584 -2.24646022226419 -20.3031573819975 -9.72536911429342 -0.0474461928484452 -0.0414924877021994
6.267485104 0.691130656 -17.6839065240057 -8.34519444795717 -14.1595842069769 -6.68118890886591 -0.0521392655848738 -0.0445002054796216
-3.534281936 -3.939575952 -14.0701794157544 -6.63562825940816 24.9897627121875 11.7687675247329 -0.0462898900440323 -0.0418525348995146
-7.071714528 -4.73754032 -1.88367784822702 4.84696855255995 -7.01496188277562 17.7000738644413 -0.0384364622797199 0.034277507922724
-9.138882064 0.772812048 -5.51790047031862 14.6460902697166 -2.99534782113152 7.95733557055736 -0.0395432163574153 0.0379462741138226
-11.9914476 8.312632848 -3.6547344565313 9.70025563035552 7.94670087584312 -21.1187091568049 -0.0369122880587035 0.0313667416098569
-12.21764222 8.036172752 2.14050173872815 -9.35229780751495 4.64348402408713 -20.293432606742 0.0371526075769151 -0.0481627559183271
-10.51489936 0.57175016 3.61769894965734 -15.8291588409532 -1.19679129993105 5.21712001723327 0.0369986123428086 -0.0485886874503571
-9.082333408 -5.654885184 1.17030922046562 -5.00515783295657 -5.1262712035358 21.1104028821193 0.0348594688375252 -0.0394829269940661
-5.997290064 -4.756389872 8.22225841272061 3.82685376772891 8.03666117005797 3.72685811892709 0.0379218124680048 0.0330801934657147
-1.228353408 -2.532142736 7.33730999890804 3.41682444366359 -11.2698959288145 -5.23270149831398 0.0355073243521462 0.032071955967032
2.183415504 -2.594974576 7.47164283408556 -4.53918419061258 19.5488035073316 -11.8130827866194 0.0346877181962354 -0.0413926497427189
8.862440096 -6.62249552 15.2914277061857 -9.26174623490794 -0.284257812266769 0.164116935186148 0.0362530725444018 -0.0421664296098379
15.47863285 -10.65629965 6.42495576608962 -3.88055981382294 -21.1780773524973 12.6826975652405 0.0276942448398213 -0.036892828441604
8.309519904 -2.657806416 -18.1596547286894 19.2621360947412 -8.28766227443454 8.84472424584174 -0.0531458131519232 0.0423207068010546
-0.80738008 7.01201376 -11.2724304677354 11.9851047849221 26.1955172285807 -27.8864533264624 -0.0452362144261179 0.0331374316984893
0.51208856 7.703164 11.9692462121339 -5.44833099978199 18.94127495765 -8.59700869362887 0.0378748580739003 -0.045280447664273
8.724210048 3.977235888 15.2023202007015 -6.90345624121132 -12.8349136952699 5.83414091518645 0.0360760227465807 -0.0443088401161242
13.74447406 1.696440096 2.73975910593685 -1.26328109564658 -18.1676911104195 8.46549947015092 0.0268074533298395 -0.0399622379911982
-1.046141072 3.512280272 17.3922619311152 -15.8682065389931 0.435424336177788 -0.411815006928788 0.0412610571237722 -0.0499330618032737
6.688458432 0.911042096 -1.50668335483315 1.00087424072103 -11.3635882244592 7.69772066674858 -0.0434396849081311 0.0298003730058397
3.477751408 2.990776 -11.265956110539 7.28845932505383 -17.2630562758693 11.1741130305596 -0.0478243769273079 0.0329405697823242
-4.156317152 7.92307544 -13.9266041607983 9.00809910364341 12.4474271272234 -8.06283679248781 -0.0458885714714397 0.0314572824206998
-8.667643264 10.83847282 -2.35780484632034 1.49716115419305 16.1178648631468 -9.60789318886883 -0.0374161177355208 0.0259348641179063
-4.696670976 -1.709045632 7.15533275078439 -22.2156902254794 -1.08097443799708 3.36852885954798 0.0369101541927159 -0.0514351121712189
-1.787556784 -10.0845299 -1.41119553817117 6.72906134797924 -2.44952760265554 11.6440553564749 -0.0401203861316593 0.0369382787729593
-2.78658304 -5.284177328 -1.93565811173659 9.22938908171414 1.35736227305878 -6.46108451840531 -0.0397356198143038 0.0365191893224308
-5.130210672 -3.95214232 -6.18994194658898 -7.50694537661875 -11.3710516066279 -13.7799398673804 -0.0412717302318087 -0.0423828827200662
-9.672952704 -9.44992832 -8.9509899792 -10.8575100032981 5.42377849822051 6.55611331688231 -0.0409605896834452 -0.0420006227506948
11.75270474 -2.500726816 2.43276550865255 3.1282619888409 9.87807194438526 12.5255959942802 0.0277175510625042 0.0320131122021948
14.58642072 1.23148448 7.81054967123274 10.2842791346989 5.24743277031707 6.92333925023911 0.029878296084435 0.0348724168595967
18.77102126 6.72927048 5.66933213075826 7.47858105997589 -11.1302377397441 -14.7260540512229 0.0267002456296725 0.0312998128246975
17.72172954 7.42042072 -13.0228270614456 -5.2761977079765 -41.7921980099273 -16.9097132694177 -0.054688555486037 -0.044538036105551
4.382529904 1.998032928 -33.5302687948986 -13.6082427148377 -11.0262125863288 -4.476596606662 -0.0601518308353678 -0.0487902304369867
-11.7966689 -4.561611168 -18.8620476622977 -7.63724684119679 48.211029754779 19.5029049416989 -0.0454849136924594 -0.0422149625960714
-12.28047406 -3.738514064 14.5029973934814 11.1578180430176 40.8647818536048 31.4818704401823 0.0443080302104352 0.0376565719578828
1.316336112 6.716704112 32.2804466732257 24.8290694203183 3.65219235163817 2.80227947161587 0.0494509148090457 0.0399623768202698
15.91845573 17.95732029 15.2292490898125 11.7069557566895 -45.7572986629642 -35.2187801164865 0.0326022318142153 0.0309338562047931
-1.65560992 2.902811424 12.8977858913334 -3.10585778421899 25.0807647896362 -6.02711987875048 0.0392165438343082 -0.0423476175594976
8.089608464 0.565466976 19.6688851562795 -4.7212542922307 -10.0485296773325 2.42486298066985 0.0388970782660874 -0.0419369995719986
15.34668598 -1.181258176 5.15919408333147 -1.2470763461617 -25.1345135423387 6.11459441522963 0.0273917059689291 -0.0387720128723321
-0.172778496 -2.689222336 -16.7799001103036 -3.38761135991424 -13.4736992697162 -2.71814111256233 -0.0493321915797056 -0.0402692773275235
-9.478174 -4.561611168 -13.3583336332935 -2.69737554218024 23.6963731347072 4.77903685336852 -0.0435526681535556 -0.0393209582577008
-8.94410336 -5.761699312 13.3223287801664 -2.05487102242914 23.0662726758835 -3.54510033746657 0.042104414579935 -0.0387097192867307
0.549787664 -7.219398 18.2706409323752 -2.8169861660707 -12.8102111917083 1.95644597626945 0.040935197036435 -0.0382599351636367
17.55208357 -8.607981664 -14.984675614976 -1.29960517266336 -33.4006243777661 -2.90893788084072 -0.0557773338540356 -0.0357749255240969
5.406688896 -9.657273392 -26.0365792073735 -2.25780543726921 7.43112908931424 0.644740162535213 -0.0564702803679828 -0.0377968154697398
10.96102355 0.28900688 -4.50217924293646 -2.66050013309702 -19.8859810078368 -11.7375941362901 -0.0466381371238755 -0.0406053118806183
4.891467808 -3.311257552 -17.5357456740252 -10.3807404513467 -14.808112212614 -8.75782639909517 -0.0513926796866923 -0.0443212286035142
-4.941715152 -9.123202752 -14.3650245329079 -8.50051063046214 24.6165296078372 14.5677060950535 -0.0459784356254602 -0.0412750144750945
-6.537643888 -9.751521152 7.79023076237025 5.91858733763115 16.8932210651361 12.8364732099538 0.0378487751665917 0.0360472495817075
-0.30472536 -5.026566784 13.1704900084603 10.0138270524758 -4.35256760540483 -3.29623347432557 0.038694273723832 0.0368239456299655
-12.51923506 10.10334029 6.08561104687765 1.77601926710767 18.535200813199 5.42302921562728 0.0396803869363899 0.0263593520203695
-6.4936616 11.84378226 14.8019171169375 4.28445391931849 3.58712155504752 1.03844681230188 0.0418853528840183 0.0272913480589976
0.468106272 13.86068432 7.77266657594728 2.23088098710184 -21.287390561213 -5.99571171425916 0.0349371762613654 0.0256468534221029
0.688017712 8.488562 -2.86660482839443 -15.6660560433926 -2.68233013787268 -14.6188135817875 -0.0414035074549232 -0.0520785642240102
-0.970742864 -0.521523856 -2.49729925056541 -13.5889752861119 3.96976278722059 21.6534281654054 -0.0409122553745581 -0.0464935534749974
8.856156912 -16.54992624 -10.2781910434529 13.7612815507561 -26.816664613035 35.8833987447077 -0.0502532978836716 0.043452524472976
-0.292158992 -4.310283808 -21.0055270077012 28.1332954060459 0.367008909540949 -0.490388976981032 -0.0513082348235325 0.0483440043198853
-9.41534216 7.941924992 -8.88577076379125 11.9076189957973 29.5556377529213 -39.6492563276503 -0.0404638260006009 0.0323500874752927
-1.102689728 -2.029488016 -1.76212735979912 -19.1717868355481 -1.09683006058813 -12.0608310668447 -0.0399574926225391 -0.0499833406561306
-2.03260096 -12.15798062 -1.23827265710606 -13.5092709727852 2.52504074562172 27.4958663177011 -0.0400464504869634 -0.0425840434678578
0.537221296 4.354226928 5.45639926586046 37.4168700951997 0.367505377144909 2.62859220779703 0.0351275682125371 0.0486885304251324
4.319698064 22.58174371 6.11738982056247 -5.56206538578969 21.3225625910148 -19.1630203232857 0.0330617010286475 -0.0492440871804542
10.94845718 16.4619225 17.2533859732383 -15.9000219532603 7.90727141608369 -7.27105320502772 0.0370313386874045 -0.0551944873481441
19.62553429 8.488562 10.7305089322363 -9.89749837841418 -24.9419092446535 23.0894270864231 0.0287107136234877 -0.0482211998377814
20.70624194 5.171040848 -4.08056202790094 -6.24016594215221 -9.31862854829365 -14.2853588474218 -0.0504654986617998 -0.0445494391639264
17.36358805 0.043962704 -7.27685316102814 -11.1466234128179 1.74497714961448 2.65289759566414 -0.0505808756258607 -0.0457570799783061
14.41049157 -4.467363408 -2.5716168585552 -3.8694597396811 10.3901880430411 15.3488727289662 -0.0470618996428705 -0.0397439975783945
11.20606773 -5.811964784 -11.7902709980233 -3.69644098691945 -23.5615298769586 -7.39273277332963 -0.0509028900086625 -0.038862113189546
2.189698688 -8.6331144 -18.4254113402541 -5.79785157988977 8.61472140415872 2.68217001983051 -0.0509595939278292 -0.0399630789668443
-4.740653264 -10.81337925 -5.12116905934105 -1.57275953766324 24.4130554147062 7.2382511110657 -0.040919079598751 -0.0365500737035676
-12.92135883 -3.48090352 -9.44765402253669 9.08236628927676 9.39400729466315 -9.0152225835922 -0.0400320977051685 0.0355827597336727
-11.11180184 0.873342992 15.5577376312951 4.77425418308796 21.5786436303318 6.634224628488 0.0443079150337866 0.0315829828855402
-0.96445968 3.977235888 17.7451826309826 5.45059429396638 -18.580142266715 -5.69969349482784 0.0411888979328553 0.0308978904059718
6.927219424 5.94387248 9.36717148275431 1.0825449897018 18.2285773887938 2.1004022961252 0.0338781782648616 0.0276180975959513
14.00836779 6.766969584 14.2848501779334 1.64533268344111 -7.3237617752599 -0.84859444098042 0.03355247642982 0.0278289145094892
18.18668515 7.960774544 -8.07122855405868 3.24331245049278 -26.5612236511963 10.6979247276859 -0.0521222556076483 0.0284196430774846
9.742085856 11.33484435 -21.466423388788 8.60546573402337 -7.95928769814371 3.2029562221263 -0.0556748523147868 0.0303356558985226
-0.750831424 15.55086082 -12.4991418628677 5.01253644837228 31.0779700270082 -12.437291511624 -0.0460270767215609 0.0266807797523032
-0.411539488 14.07431258 11.7026821311632 -8.00596907016881 24.7377218471657 -16.914390514823 0.0382718327742638 -0.0488930812511307
8.799608256 7.772279024 19.3131695772223 -13.1971386598103 -7.22739324691028 4.94644602544157 0.0386528160679805 -0.0496835860042927
16.2828804 2.6766168 5.7977113312517 -4.00458745448605 -25.1085353924273 17.635773718082 0.0272527157595824 -0.0418144486852522
8.24040488 1.130953536 -18.7289967764461 -2.56792641201957 -6.93604051515942 -0.949478383158192 -0.0535700532273683 -0.0410501401078957
-0.90162784 -0.11940008 -10.9162790299986 -1.490759848298 27.1814074097585 3.66769866233058 -0.0454059825649117 -0.0401749628888099
-5.95959096 0.992723488 -10.3855324240861 4.63324139918799 -15.412041636322 6.86775098785638 -0.0437521743082385 0.0318975138824081
-12.90250928 4.0903332 -12.5006833219747 5.57797684279342 11.8059307313622 -5.26579342285984 -0.0417208803484014 0.0307117160566429
-15.55401293 5.09564264 6.73635081690718 -3.83811794198597 17.5778814519075 -10.0183735074795 0.0413071126108247 -0.0436354611770367
-9.547289024 1.690156912 13.7832134035365 -7.84322483478619 -0.239941471885356 0.136552977975837 0.0423021172955799 -0.0444633381194515
-3.578264224 -1.721612 5.87701750832515 -3.29098827671998 -19.7850835986361 10.8822585674903 0.0352562835316384 -0.0399223031584803
6.88952032 1.941484272 21.5709525906092 9.13382355442557 8.98516770179221 3.77876365558038 0.0408286735519228 0.0335967649035088
17.58349949 6.471659936 12.9845365358424 5.48118011344271 -31.2318223169438 -13.0924292573761 0.0310355600660347 0.030375470316616
17.78456138 -0.320461968 -5.89118100080719 -20.8998995706491 -5.23407035549607 -18.5662962438097 -0.0492313248808077 -0.0516051215932648
14.44190749 -12.18939654 -4.97150618217567 -17.6141309537307 8.23724595338709 29.1366006819864 -0.048753017385372 -0.0450056803459081
10.05624506 -14.21886498 -11.1697950896574 7.92962240758459 -18.2145696725617 12.9407048369601 -0.0506280840562994 0.0394477780073229
2.302796 -8.702229424 -14.5305462241564 10.3225719632294 11.6073665845609 -8.24795523155544 -0.0487171587424039 0.038272938273905
-3.19499 -1.891257968 -1.71329116358546 11.3324449098041 -2.71613142217812 17.9311293893168 -0.0397530155583803 0.0372165447119625
-4.363662224 5.893607008 -2.1782025432297 14.3768089860499 1.83554457184793 -12.1650365221198 -0.0391715490665689 0.0352157481348456
0.398991248 5.554315072 -7.04435786924533 2.11578142503578 -12.5954940312968 3.78329972187475 -0.0441702416525944 0.0286895828604866
-4.696670976 7.087411968 -9.93965452172375 2.97890939156672 6.48707747858604 -1.9512278134725 -0.0435727926376589 0.0283500346530112
6.374299232 7.030863312 1.30756974256253 -4.91691958370399 4.73078525493718 -17.5768596339236 0.029518681251361 -0.0446648962181605
7.788015632 1.564493232 3.70660272271153 -14.3301573085333 1.85762139807527 -7.15587937653913 0.0304438103625911 -0.0483379148278048
9.666687648 -5.71143384 2.36334739119816 -9.18265474281287 -5.28037675575632 20.6930944563886 0.028184315509133 -0.0420610343268818
2.799167536 -3.374089392 -20.6380622471438 11.6226850010024 -21.081719332621 11.8943687325462 -0.05294285926146 0.0378615774596101
-9.358793504 3.474581168 -18.952874770225 10.666858447343 27.9633369143736 -15.7704984548847 -0.0465987148914195 0.0334834662620619
-3.207556368 7.01201376 25.4519382425303 1.7516791299652 12.7238845570416 0.869503327950881 0.0466957743758557 0.0274894662930855
9.71695312 7.904225888 16.335505170461 1.10783185713602 -36.7149978167243 -2.46035208528076 0.0360227489175992 0.0273259631590351
9.440493024 5.37838592 -13.8078202948959 -10.9871538099042 -27.586232904701 -21.9630518057024 -0.0512011099182859 -0.0477971113524387
-1.12153928 -3.015947904 -21.5796604357324 -17.175381007109 10.0777375840066 8.0453539876858 -0.0511349442800703 -0.0486110283482113
-9.22684664 -9.475061056 -5.92628659172821 -4.71934698413949 27.581476070037 22.1297679193336 -0.0396573540846994 -0.0385947843431902
-5.193042512 -7.740902272 14.3954211198598 6.70179273091958 19.2798653438893 8.97279794765164 0.0411926399109384 0.0356178997818081
4.06208752 -3.4494876 15.9951094632567 7.45610913794479 -17.5380693106042 -8.15901118974452 0.038541739883747 0.0347447479184197
6.51252928 1.476528656 -3.23524398501636 1.52979524531216 -6.09341167180798 2.90232116138955 -0.0442218715767829 0.0297542606888181
4.112352992 2.61378496 -4.78395752052292 2.27514522632313 2.67661646098658 -1.27754289125055 -0.0440289962850379 0.0296083363247074
3.84217608 2.70803272 7.24654029199145 -3.61616710381099 17.9587141510407 -8.95933662178186 0.0339250872110329 -0.0425127623007264
10.08766098 -0.40214336 14.025653455004 -7.00278583434999 -1.4832626648712 0.734020440061098 0.0350735124123592 -0.0430085790150657
16.03155304 -3.374089392 5.43071264786639 -2.73040732216768 -19.1199135375773 9.70501123733133 0.0272320245293435 -0.0388872647697353
8.391201296 -2.689222336 -18.4629401634061 2.23216217188375 -7.62907305541794 0.922347985889035 -0.0535473863181276 0.031477144584116
-0.757114608 -1.589665136 -11.1049538355116 1.3364775506157 26.7213823089989 -3.20456026493373 -0.045536316857397 0.0300644298481809
-1.944636384 -5.74284976 1.38254878144007 -7.03930182951755 -0.516764526022698 2.65119331442722 0.0324213424770069 -0.0411485673134597
-0.49322088 -7.03090248 3.82086879027414 7.19723129618498 8.74997298911261 16.5009764652523 0.0331362527314539 0.0361009206417864
2.64837112 -1.099576784 6.82724009777034 12.8607046484341 -1.60814950634028 -3.06196790148281 0.0340267897576311 0.0371967954393945
5.419255264 4.109182752 2.36135425325791 4.39786833442892 -9.32113161071188 -17.1345855976752 0.0303064733193716 0.0301871134346549
-3.534281936 -9.186034592 -18.1972633178713 4.2437022258238 -3.65867743245762 0.844862713031616 -0.0488487559534666 0.0347220487508905
