4.571025424 5.679978752 -1.09867424798417 0.277627025055575 -0.893184856843374 0.53241131454067 -0.955169954575564 1.35774713055366
-23.935780384 2.80228048 -1.46136340526382 1.00183077778661 0.334033867189278 -0.231738846507518 -1.61285022070052 1.24093433172006
-1.523663056 -1.024178576 -1.44420330377651 0.50712822783726 -0.784871659329152 0.391266592958185 -1.27123590337724 1.29566414529529
17.872525952 7.13767744 -0.755758245213498 -0.0818215822301887 -1.37781964775701 0.765181704488856 -0.466197366262425 1.33960568233025
-9.974545536 19.823425936 -0.666506947893054 0.498221955627631 -0.0490544970511706 0.242362129663002 -0.930318493890408 1.46817561844233
27.1213728 -10.932759744 -1.1622079344308 -0.350907647698611 -2.21686788611759 1.00820228636294 -0.26265776433594 1.1908336270055
-12.563217344 -3.462053968 -1.67093893329393 0.806236205381845 -0.331548546772567 0.0969078707034063 -1.59896685955829 1.20586005996449
-0.725698688 -11.58621088 -1.87694989001887 0.57181216778122 -1.01495277611469 0.437045844609491 -1.50043312496262 1.15129229883434
-2.020034592 6.264314864 -1.16791704536295 0.452366676233889 -0.633783388293576 0.380225093259431 -1.11366420324217 1.36374867228852
1.127840592 1.495378208 -1.3115858487061 0.40307557632275 -0.849497595921433 0.45916435839797 -1.13851574647013 1.32245680243555
-6.688440304 8.752455728 -1.11879921588258 0.5401861213488 -0.396389221524961 0.276986992491758 -1.16076040924044 1.38288579017669
27.108806432 4.379359664 -0.589348478680169 -0.388182555367514 -1.7745688653799 0.928827700752843 -0.101194827552309 1.24697662739706
16.540490944 1.162369456 -1.02940114938005 -0.00831217381495725 -1.46315877981924 0.759845320827338 -0.632060056362369 1.32058211525903
5.928193168 -25.34638384 -2.38029487625151 0.45161693665057 -1.62742766899684 0.747043452832156 -1.57711959546739 0.916553347784335
-20.775338832 -10.606034176 -2.03938312648982 1.10175273965867 0.00959431899944535 -0.211923222790959 -1.96598948897335 0.979663310510567
-15.07020776 10.103340288 -1.12882699127789 0.715938763826925 0.00318252908511225 0.0735270495475434 -1.2888778765566 1.37546391549483
6.236069184 22.4686464 -0.352980696674081 0.0903614136616179 -0.602043393713588 0.581589828454909 -0.50319436275588 1.43096488846389
-10.345253392 -11.096122528 -1.9767302583077 0.827344705658505 -0.543608932950957 0.156002039847677 -1.75636532981514 1.07924508316211
-10.759943536 8.249801008 -1.18574572187393 0.633981570692298 -0.226264547280128 0.181118963678011 -1.26457759486312 1.36259566156247
-1.37286664 1.024139408 -1.36732942098815 0.487312931978881 -0.756492536795827 0.390046949149831 -1.22039626194976 1.31767604177659
-15.145605968 -9.217450512 -1.93287282022449 0.943920846370019 -0.27864949021934 -0.00651561698357084 -1.81196208037264 1.07724547014134
24.582966464 14.86599376 -0.23147350779498 -0.36615117698 -1.40542719355837 0.879253903348629 -0.0338480503146907 1.27557674557102
6.864387584 -7.244530736 -1.5775042331039 0.335368750143825 -1.26131098601426 0.596342449047682 -1.16041698103471 1.24819150030392
14.906863104 11.152632016 -0.671966290089464 -0.0313304754990422 -1.16799521769892 0.716682310883053 -0.502805504831821 1.36477102980144
-4.300830384 -17.266209216 -2.17731619490296 0.733311830674596 -0.949800916581287 0.351638918334342 -1.75844470964893 1.00649693254804
24.6080992 1.966617008 -0.772056928619388 -0.279874358580442 -1.75055313300118 0.893181467921779 -0.263899000392189 1.27182719261927
14.58642072 -0.835683056 -1.15049416478363 0.05178679898084 -1.42635024914309 0.73920908430582 -0.746454047585094 1.31046870627984
-15.6042784 -15.846209632 -2.2451817215062 1.03066801039826 -0.322808577968358 -0.0388042099899296 -2.02587881096037 0.895557792371789
2.038902272 -19.735500528 -2.19012411973526 0.567966011146699 -1.29526809493284 0.550375989767915 -1.61499614559863 1.01569221760109
-5.023396544 -7.395327152 -1.77220399345221 0.640593108690523 -0.745516556280958 0.319764599206243 -1.52743208019224 1.18153319125601
-10.873040848 11.988295488 -1.01482388502997 0.600698026329076 -0.158720080408496 0.189366857920381 -1.15856741636241 1.40709005590238
-0.537203168 17.41068328 -0.681059947069328 0.312707269083644 -0.474992874939403 0.431779516833138 -0.803016165780181 1.44241727797164
17.307039392 -22.42470328 -1.95899382043553 0.0360949136950863 -2.12430159719166 0.981650370437719 -0.950022634509879 1.07796191914709
3.081910816 -13.464882896 -1.90135051502229 0.482749323527845 -1.22415221751802 0.542827146538575 -1.42598364674283 1.14230701605466
-15.82418984 -6.955504272 -1.84087385930065 0.937616376435349 -0.216157722217496 -0.0243300894712014 -1.76090723825653 1.11875325399099
-18.77728632 -9.95258304 -2.00142327512607 1.04095771561347 -0.0959698157064999 -0.131437071469977 -1.91020779236185 1.01745108236767
-6.55649344 -19.496739536 -2.31012706506245 0.81699277721293 -0.858299361775395 0.287390394763426 -1.89233576647571 0.917764562128947
10.338988336 13.251215472 -0.684942431875703 0.0732308079791636 -0.949598224819984 0.637389630010582 -0.612929578743353 1.39086050981145
12.902527408 -15.557183168 -1.78195954084633 0.20235792547519 -1.71535148029248 0.780846689626409 -1.08117565740672 1.17470848018701
-5.029679728 3.845289024 -1.30037327231588 0.554470680598935 -0.556219095939996 0.305820290721596 -1.24503374819991 1.33744832147904
5.41297208 5.799359248 -1.07744220035 0.273395064887409 -0.938542925165146 0.537797195364771 -0.924094660995137 1.36720796956088
1.599079392 23.461389472 -0.387620512807915 0.193936974956057 -0.406440975726186 0.497244934308831 -0.60262658748907 1.45278694675924
4.583591792 13.885817056 -0.760781932355103 0.223445944663765 -0.735194897766814 0.524192281567235 -0.762767506348358 1.41437645116523
-2.868264432 -3.883027296 -1.58994481447825 0.564275698197538 -0.777379727153995 0.361260270148263 -1.38024294855127 1.25258303470415
11.375713696 21.475903328 -0.304619279388052 -0.0338300637008185 -0.803565607167378 0.672825183814667 -0.382389502466812 1.39799391055333
-10.51489936 -10.58090144 -1.96261708099488 0.819674582369088 -0.531447006403946 0.158260470508121 -1.74922927262337 1.08213795974947
6.32403376 -22.562933328 -2.24111691488014 0.458243533831632 -1.57423456763746 0.693520158303512 -1.51152465194667 0.995544067116998
13.222969792 -1.771877472 -1.22553667321956 0.107579153770483 -1.3980485801622 0.710956410671792 -0.819641444910331 1.30810280447807
-24.300205056 -0.389576992 -1.59288121401334 1.05080475400636 0.313655259397897 -0.268912553562911 -1.70672620858776 1.18191134106477
-0.49322088 -13.012493648 -1.93355974195291 0.580149647112509 -1.04706394182093 0.44677416445225 -1.53269329354586 1.12670925667776
14.448190672 16.945727664 -0.43752691920474 -0.0647798334865099 -1.01988640314869 0.709315528814912 -0.39105110271793 1.37861011411298
-20.354365504 -0.578072512 -1.59275180129522 0.967608732815046 0.0923648125709182 -0.138751268324802 -1.65802979737529 1.20786718864516
-14.397907072 1.41998 -1.48212717079211 0.79599858136511 -0.1654472565419 0.0563120626641261 -1.50399694944937 1.27090506657044
16.867216512 -11.360016256 -1.51098075199936 0.0381221148658423 -1.78109567483316 0.83766052471535 -0.828152964942916 1.22697348603951
-6.726139408 7.01201376 -1.18766727673514 0.547539554583155 -0.427652075450103 0.280953992389952 -1.20204371122038 1.36162883029674
4.897750992 13.998914368 -0.752314539015382 0.211083344996259 -0.739757583038323 0.532602261725605 -0.755155350431195 1.41063688265458
-12.959057936 8.890685776 -1.16549896948629 0.680362837661585 -0.1160497909982 0.124752870732168 -1.28325799524377 1.36949670471464
8.190139408 12.91820672 -0.739689939649283 0.135538995917713 -0.883135277436375 0.596410388889124 -0.685316216869018 1.39799827316341
8.479165872 12.497233392 -0.753252591805772 0.128558989760869 -0.904553748328477 0.603651961397821 -0.686128402204684 1.39511947493751
4.413945824 16.84519672 -0.641982262856593 0.196914988608108 -0.664291289067525 0.529011744869089 -0.700010368040281 1.42450207629271
24.878276112 8.161836432 -0.50698082604153 -0.316618656639206 -1.600807305299 0.877365389581675 -0.14586809577966 1.2825867769332
-17.04941072 -0.012585952 -1.55662901359367 0.878982175457097 -0.0622033563637392 -0.0300480131699611 -1.59132105720092 1.2351767375172
5.249609296 -0.816833504 -1.34190133176419 0.322052840193636 -1.05951901564528 0.546894018810971 -1.07151497101806 1.31224917904386
17.275623472 15.575993552 -0.426319915708738 -0.128222605799984 -1.15804432854976 0.754303605638175 -0.319507468739455 1.35718350287224
-9.779766832 -5.698867472 -1.74668133379492 0.756197839508766 -0.493653867708842 0.178142765025083 -1.60131779558782 1.18259968772157
-2.334193792 -7.539840384 -1.72703271219754 0.590408089333937 -0.867917870522099 0.375533342194868 -1.45182133340361 1.20666749824559
-18.255782048 -0.389576992 -1.58168140979242 0.908400619175012 -0.00648320087464049 -0.0657543386944837 -1.62291047580868 1.22075371636302
3.169875392 -22.562933328 -2.30636162467746 0.544446344064586 -1.41273891336077 0.617816538644828 -1.64173304135173 0.956029305646461
13.147571584 -7.740902272 -1.46210402434271 0.131714846923832 -1.52815863687827 0.747147591070453 -0.931420546118513 1.254164758269
7.228812256 1.947767456 -1.20300349735503 0.239561119402971 -1.07964795577145 0.591626703634864 -0.955150763356173 1.33197148195425
15.390668272 1.457679104 -1.04899631046813 0.0245791711917099 -1.41102794701967 0.740384626997736 -0.676600402138685 1.32546575440595
18.054738288 -10.913910192 -1.46196226752381 0.00381387800554434 -1.82178764965697 0.85106727418198 -0.767779660519337 1.23163728886175
-16.157198592 10.323251728 -1.12563812502776 0.73236608889069 0.0561330960801186 0.0494374870443345 -1.29975865295215 1.37401203281102
-5.783661808 -5.755416128 -1.69796793925497 0.666202092240776 -0.68015622115434 0.279465783336067 -1.50228215544652 1.21330107669639
6.016157744 -16.98974912 -1.99143673256086 0.424014626565504 -1.43667321916596 0.638051115257768 -1.39295173261863 1.10858626129268
-14.8188804 3.820156288 -1.376706273583 0.786252110140676 -0.117780195568623 0.049756121988799 -1.44270477563899 1.30697117668908
3.829609712 21.199443232 -0.454702559537615 0.171963871997601 -0.543697419211733 0.526119354672725 -0.604436942252247 1.4423784474007
7.687484688 6.245465312 -1.0175187313541 0.214526788445902 -1.01728947415005 0.579205074733636 -0.84335996052511 1.3695001784233
4.759520944 -1.457718272 -1.37398687052531 0.333311853265235 -1.05678862673884 0.54349434970036 -1.09810187416494 1.30237301593642
-7.505254224 -3.813912272 -1.63938423429006 0.688752772640935 -0.574111587484654 0.236341424841146 -1.49516827039371 1.23154494668863
15.861907072 -11.133821632 -1.53535340033079 0.0743922186931505 -1.73947767024381 0.814427354088892 -0.873445360327155 1.22832977052441
-17.70914504 0.835643888 -1.53600397933944 0.880215804279156 -0.0180123788481809 -0.0417163935921155 -1.58565604506025 1.24072286718296
10.6280148 20.608823936 -0.358232446928548 -0.00170286128342406 -0.807274813298084 0.655771593477124 -0.423645421523654 1.40478634098596
5.771113568 4.46732424 -1.1217039818243 0.26527938275255 -0.974427956335856 0.552229886614337 -0.940954049023871 1.35639558129887
9.427926656 -1.872408416 -1.30087664238106 0.220995349883334 -1.25558647720648 0.632928799582391 -0.950392321192252 1.31224004117801
15.37181872 -5.196212752 -1.31086379732931 0.0623410199126261 -1.57329167469039 0.766188276181045 -0.792976260334008 1.27989149698524
4.740671392 -0.980196288 -1.35855253982044 0.34170453536879 -1.04692599125173 0.535276285332595 -1.0916924768243 1.31078039561116
5.701998544 -5.548071056 -1.52870517853079 0.338580632139679 -1.1701845284455 0.577588218757543 -1.16305348854924 1.26034203659715
6.160670976 13.904666608 -0.73482379433657 0.183759764398688 -0.795230384636751 0.554661580579553 -0.718706845695904 1.40946914962551
-11.469943328 13.244932288 -0.967802518996902 0.598343226074473 -0.108292278504248 0.18184349187757 -1.13784057794574 1.41611347257225
-3.85472432 17.467231936 -0.721813585987097 0.387616661994962 -0.336686972754242 0.362629471767359 -0.881215768921197 1.44494297766898
-15.98126944 6.704137744 -1.27278275186599 0.77701433559364 -0.0159031354848665 0.0330218065644696 -1.39229622274134 1.336421192386
4.640140448 -6.729309648 -1.59005267423034 0.396302954291547 -1.15121586938547 0.541978419612289 -1.22349331309712 1.25009551006378
-19.920825808 -0.885948528 -1.60961873535263 0.955111207145165 0.071255197476262 -0.122989529716729 -1.66484072073498 1.2009606686419
14.605270272 8.318916032 -0.787893587704638 -0.00236461426560427 -1.22557354034749 0.711688501549605 -0.56646601543787 1.35702770317109
8.221555328 -12.610369872 -1.76920063991583 0.309357557061692 -1.42992782382042 0.673248379776954 -1.21986774378016 1.18147343005402
5.406688896 -0.754001664 -1.34054089872186 0.312290382181948 -1.06459516366348 0.556092810504685 -1.06700215881374 1.31093191985133
-5.368971664 -7.464442176 -1.76939706915521 0.668129720525192 -0.727799164324599 0.295691277035837 -1.53684043823866 1.18635562779868
8.252971248 -13.609396128 -1.80580757437981 0.329392020777839 -1.46361620274135 0.669979958081838 -1.23537236096447 1.17491718624778
15.019960416 8.092721408 -0.789097799643877 -0.00913812888017795 -1.24563684152989 0.718104680432327 -0.558139831958936 1.35803569005883
13.323500736 2.651484064 -1.04443443406988 0.0788954222909592 -1.3066595956101 0.697168113770423 -0.727281418700799 1.3378238102953
-5.507201712 6.264314864 -1.20731607487353 0.52709250342102 -0.48779851997672 0.307228272377158 -1.19529336250659 1.35650263126346
8.64881184 -6.113557616 -1.49840540445009 0.260593702979968 -1.30728292722261 0.64252404011155 -1.07439126424988 1.26258371099351
-3.484016464 -7.100017504 -1.72115874714556 0.618405035004407 -0.807996508694659 0.342530741159789 -1.471382753207 1.20811675054518
-9.610120864 -10.913910192 -1.96445086696981 0.806475417749145 -0.581589182028234 0.181304641224411 -1.73506897156677 1.08814471153161
-3.358352784 5.510332784 -1.21895019256851 0.485078105762098 -0.58798830769198 0.354895515167333 -1.16783342799222 1.35283297986759
9.33996208 1.187502192 -1.18197844072471 0.197140633552023 -1.17981173435083 0.625753704662294 -0.893788619329278 1.33188599365394
-10.885607216 8.545110656 -1.16452717375538 0.638204658946564 -0.216438635160788 0.175105844489898 -1.25341595088439 1.37162211627568
7.762882896 12.547498864 -0.76475428636102 0.150525629969221 -0.88246161101207 0.587724228896938 -0.703945600257187 1.39820350742513
20.42978184 6.754403216 -0.702649503324151 -0.158335358217083 -1.47917173686244 0.807801252252485 -0.369948025540853 1.32244630251738
10.338988336 -3.707098144 -1.35772994240743 0.210385227877503 -1.3350768687894 0.656602171288975 -0.956970137894563 1.29571959617017
18.350047936 10.882455104 -0.596493420265873 -0.129245439070493 -1.29597963398583 0.774337502565384 -0.380514184555204 1.34315058540647
-4.426494064 -0.640904352 -1.4688733760658 0.577615362268458 -0.661367124321225 0.32074245460901 -1.33518340740301 1.29205282612222
-1.1529552 -3.996124608 -1.57028133484935 0.525057658088417 -0.858597900047847 0.401391507658441 -1.33358105105633 1.25887363151023
-9.955695984 -8.293822464 -1.85481620973461 0.786381076739477 -0.525802706257038 0.172619062364658 -1.67240203676801 1.13640660443692
-0.907911024 6.214049392 -1.15480563817503 0.430722428404745 -0.680153910229993 0.400951179168696 -1.08627708631355 1.36649200472615
-13.449146288 -3.6065672 -1.68801074798375 0.826234344582433 -0.290166229537028 0.072724417966898 -1.62278904170387 1.19662378750303
0.958194624 -0.389576992 -1.39972151046257 0.431476070580377 -0.874527025015141 0.453491855708942 -1.19488314869009 1.30577485879694
1.963504064 1.92263472 -1.28350765285752 0.396345409386317 -0.874147636621762 0.465224413032328 -1.109729802638 1.33347137982736
-5.852776832 0.590599712 -1.44856341784954 0.596806761440544 -0.576016892635481 0.290049882420985 -1.34817713296714 1.2939044664906
-0.71313232 -11.309750784 -1.86039348473144 0.558741293936423 -1.00400269144436 0.443898678188781 -1.49437234054344 1.15139106269009
-11.532775168 -11.140104816 -1.9937160575529 0.86627309170846 -0.48880909944708 0.113627078429249 -1.79017982339605 1.06711159823955
13.493146704 -8.230990624 -1.47788136666047 0.141117269021422 -1.56306935872391 0.745661820324685 -0.930005121440586 1.25455169543953
-9.685519072 8.576526576 -1.15980174547006 0.604321031132209 -0.260999069918542 0.209369107110515 -1.23463609591263 1.36689952095309
-5.7082636 -2.519576368 -1.56896846886981 0.625069024491578 -0.631121820442632 0.288317029586903 -1.41971297269184 1.25457603673058
-19.034896864 -8.28753928 -1.92790251787595 1.02736329630622 -0.0602423060872895 -0.135042959195649 -1.86437119337025 1.05377314401464
2.642087936 12.534932496 -0.847030828900686 0.283495449894488 -0.69376660135527 0.484986911961647 -0.847296282907737 1.41100276906667
2.23996416 15.05448928 -0.745145155821986 0.260721535909932 -0.621363286643358 0.486606785064126 -0.795504144408104 1.42192524009184
-4.935431968 3.669359872 -1.31126416029342 0.542176867007338 -0.558605467055391 0.315684692425122 -1.2494681913424 1.33267984668446
3.923857472 -4.51762888 -1.51190246634674 0.400664194199925 -1.08949475841235 0.519193002840771 -1.19315970809499 1.27513701731457
-11.168350496 -1.476567824 -1.58345501894595 0.744553590114082 -0.366496847192513 0.145964532067547 -1.51983995908971 1.24250498450908
4.395096272 3.612811216 -1.18102735288437 0.323745364462199 -0.945921485152826 0.513114416696926 -1.00047706863005 1.35295846090217
8.252971248 -1.244090016 -1.30188808568115 0.253533345243757 -1.19683568228516 0.605220908825526 -0.982037082525451 1.31667039701532
7.36075912 -9.845768912 -1.67078573059049 0.318753351026601 -1.33519697725884 0.635289817647647 -1.19406317788345 1.21621216713155
0.04084976 15.330949376 -0.763260205063673 0.317335045037092 -0.536413592306001 0.439189468588785 -0.842944658332291 1.42987099107141
-14.291092944 0.955024384 -1.50468137328374 0.796509553989491 -0.183865808032328 0.0601746323365239 -1.5172141193193 1.2632126713141
3.037928528 7.29475704 -1.05148547894023 0.317773504309499 -0.808255800891669 0.490057848076063 -0.957924012433165 1.37687481916443
11.13066952 -6.641345072 -1.46088697213619 0.209715798415496 -1.43108310976789 0.683083354655995 -0.989206387867019 1.26934970981477
9.459342576 -2.469310896 -1.33016343103973 0.222404103563109 -1.26445282560247 0.637401405027806 -0.967560892172398 1.30231118637993
3.081910816 -12.440723904 -1.85380935925465 0.485246939467882 -1.20239212022423 0.527946211017599 -1.40414842294887 1.16469551058076
1.86297312 2.651484064 -1.25758212469102 0.389054404982211 -0.855950549437604 0.465529346077207 -1.09607975620897 1.34022681523516
2.887132112 13.89210024 -0.787393519821429 0.260174415858937 -0.666228150595364 0.493905770242396 -0.811485803350105 1.41577730323747
-8.97551928 -4.982584496 -1.70464387234572 0.737521109737776 -0.523432694349294 0.194385600164886 -1.56289116445279 1.2040119799072
10.75367848 -4.982584496 -1.40491264664226 0.200128385557656 -1.37185259857865 0.675305257664849 -0.97148783838745 1.28171390916221
13.398898944 -7.615238592 -1.44870033340591 0.140224813246535 -1.54328781060509 0.739072141843167 -0.919123298734493 1.26183277819586
-5.570033552 3.908120864 -1.30350726478629 0.562201614896485 -0.524907766257715 0.293573262656671 -1.2569009771773 1.33594697444216
17.589782672 11.963162752 -0.57227248430315 -0.11829954850406 -1.2471117516518 0.76421468798796 -0.386027237188755 1.34966777852307
14.693234848 4.134315488 -0.955384765105643 0.0229535353414672 -1.31796203984061 0.72296854637352 -0.649520295849609 1.3404571226683
4.602441344 -1.420019168 -1.38390354323934 0.338710281410642 -1.04442367844638 0.539021243161337 -1.10941300624387 1.29977765200563
-14.303659312 10.851039184 -1.09155173255118 0.693213355615512 -0.0234367505411144 0.0955688521115762 -1.25479376733552 1.38821639676593
-11.149500944 -9.022671808 -1.90284419912996 0.831087807414345 -0.477763893531111 0.130298365984706 -1.72357060962827 1.11086027520734
14.17801376 5.365819552 -0.925825474442002 0.0390193254403799 -1.27906795207019 0.705326574901581 -0.647817393150977 1.35071148346718
-3.999237552 0.904758912 -1.40674948316109 0.554657113961872 -0.641956611388249 0.327542428871005 -1.29326224171257 1.30795842560416
2.39704376 16.392807472 -0.683822865538926 0.24857942693477 -0.601964529578394 0.490820439617477 -0.757057473002934 1.42969395213986
-2.28392832 -8.607981664 -1.77256213782641 0.593796773750599 -0.897465519025109 0.385373223583812 -1.47664770279823 1.18877475507767
-9.679235888 -8.922140864 -1.87410308709854 0.789786136173389 -0.548847199441285 0.177244668867561 -1.67981206828381 1.12908871136464
-6.455962496 -17.417005632 -2.21635643073805 0.77288132204139 -0.833264002000915 0.301382814977248 -1.82986955197919 0.970428034180738
-25.387195888 3.110156496 -1.43697422539621 1.03443184511954 0.420792559342097 -0.282703135324909 -1.61124378917339 1.24457167912222
5.450671184 15.7142236 -0.664531735936163 0.186500570054689 -0.731486992005684 0.543103598329837 -0.693118514468741 1.42072110045649
17.118543872 -5.20877912 -1.26388153160327 0.000187814701200384 -1.63274357542345 0.803986308534007 -0.719698850466147 1.27598395500629
11.218634096 -11.033290688 -1.63686693464591 0.214888213236069 -1.52841045029495 0.723207618848392 -1.06810671821494 1.21745147803912
-8.366050432 9.550420096 -1.09826169874221 0.572987378711124 -0.310450310341909 0.238172715460413 -1.17486033180267 1.38677402361528
11.206067728 -7.275946656 -1.48732757676465 0.198803340596989 -1.43865057154195 0.697171342035898 -1.0009493259317 1.25899729176359
11.488811008 6.377412176 -0.933942327886174 0.10996030498492 -1.16230561078826 0.651619144762207 -0.711888906926446 1.3650593089608
11.595625136 -15.51320088 -1.80303291005524 0.21728841423748 -1.65743133964428 0.770915783847603 -1.1240189913066 1.16040728129959
3.389786832 0.841927072 -1.31303807532181 0.35753253527554 -0.95406604118111 0.506282586109149 -1.09595071475683 1.3233423747286
-1.743574496 -1.853558864 -1.49816167989738 0.510828387293121 -0.792230035928358 0.394178574379223 -1.30245188827878 1.27909442794485
-13.637641808 -10.932759744 -2.00235241203591 0.921442898285422 -0.378224322842927 0.0433337348781295 -1.83097979703025 1.05144827659696
6.286334656 -21.714703488 -2.20626178668294 0.432996523786991 -1.54821266408951 0.700118276258858 -1.49300310276664 1.00794669737253
-3.754193376 1.866086064 -1.36802327079031 0.534116695522552 -0.638816203079115 0.338511427288294 -1.26270338099963 1.31876737455875
0.493239008 5.75537696 -1.15588871688146 0.399136618148421 -0.736297790283375 0.43030367938418 -1.06419568461839 1.36481550828384
-1.743574496 -7.50214128 -1.72831864416002 0.563530888115097 -0.892952067852175 0.399970215845309 -1.43900497541913 1.20433254981784
8.498015424 6.170067104 -1.01011827136851 0.190164857335064 -1.05186578872024 0.596742813902214 -0.819516782604013 1.36647442591143
4.09350344 -14.972847056 -1.94239211308711 0.467189005228478 -1.29826053315199 0.574276903274068 -1.42426886398137 1.12666098642104
6.028724112 5.918739744 -1.06727148258944 0.244670796370885 -0.948983447354687 0.558021276186213 -0.908604837518719 1.3622199413413
-14.020916032 -7.608955408 -1.86682565637173 0.879316244026736 -0.317388425058483 0.0496232943418805 -1.74819066211629 1.11433392699584
6.990051264 12.440684736 -0.77847585826385 0.176185856168995 -0.859804347015924 0.568493857053666 -0.726449035155863 1.4014331596438
-5.01711336 9.08546448 -1.08391717097978 0.486427937051794 -0.448259084172551 0.323546740201162 -1.11534966983343 1.38437475275166
-7.360740992 -0.772851216 -1.52022647109908 0.638857073106758 -0.527371254668429 0.255024020925488 -1.41719269305095 1.26721109002952
-0.574902272 -8.6331144 -1.7521228726264 0.545787879892989 -0.967013922449155 0.430225361930934 -1.42872591908186 1.19681073915175
10.288722864 -0.490107936 -1.23587940241321 0.183937268836053 -1.26091571545191 0.650818323781752 -0.899527489121571 1.31926545599658
15.327836432 1.621041888 -1.04084461322951 0.0209146997059 -1.40250241200272 0.739764457417178 -0.673153910568511 1.32546108222612
-6.77640488 6.892633264 -1.19246590999167 0.549523091803767 -0.427704619513487 0.27874010864459 -1.20552737400534 1.35998443943995
-18.079852896 15.795904992 -0.886623919636744 0.71773300390525 0.24025199270484 0.0238276523062184 -1.17019064304594 1.4331138207581
-2.271361952 19.000328832 -0.640140621527844 0.329575111615893 -0.364035328045421 0.405213899732776 -0.809133481210543 1.44882931185531
-9.459324448 18.441125456 -0.726002368360525 0.505088352449839 -0.0865644784484001 0.243059866235394 -0.963671308163013 1.45695322340222
4.872618256 2.915377792 -1.19937187828949 0.304505411615082 -0.964714624450537 0.531111656391077 -1.00172846184736 1.34497002080387
10.540050224 -8.312672016 -1.53521898114284 0.221684219124627 -1.43274468945121 0.690504005898942 -1.04038190360795 1.24917001858114
18.130136496 -0.678603456 -1.06254206726627 -0.0536714393612213 -1.56442189460388 0.800890480361459 -0.602461931410471 1.30200010557037
-6.267466976 -9.028954992 -1.8471368054365 0.694491031460431 -0.71752014922513 0.282605658641162 -1.59697862722202 1.15031827071274
-1.240919776 3.33635112 -1.26592691420732 0.458131667541186 -0.723377687776539 0.39840631078908 -1.1538940393467 1.34542258367535
-1.234636592 1.589625968 -1.34628686435333 0.478747600415861 -0.752898319663974 0.393947678473595 -1.20447647603649 1.32307714437138
-6.437112944 -10.071963536 -1.88607457698274 0.719618367965303 -0.72724223251557 0.270582801417929 -1.62553042539042 1.13482637282466
-2.811715776 1.055555328 -1.38932293918056 0.513075347630414 -0.692785017056827 0.36517000506444 -1.26138775829787 1.30946074808167
13.103589296 3.90183768 -1.00668182797526 0.0703983503860759 -1.26323364560624 0.695196077633591 -0.716048446941437 1.34188087833486
-6.788971248 -5.485239216 -1.70375801175991 0.675432435027454 -0.634430401231265 0.265881145352854 -1.51997946741901 1.20690771180789
-12.720296944 10.24785352 -1.09214958145223 0.668928008674497 -0.112309216306259 0.130417966845466 -1.2316818396323 1.39150453978136
-8.97551928 -6.138690352 -1.74831448048758 0.747245743539799 -0.539037564335676 0.194327450609288 -1.59062928772269 1.18581042143839
0.644035424 -1.65878016 -1.45060290621029 0.454950926247277 -0.879342427082366 0.442861916935158 -1.23269127762258 1.29153657789006
16.339429056 -11.17780392 -1.518232012617 0.0441912823740687 -1.74843782763333 0.833957049826533 -0.849791542003137 1.22323966664113
-2.937379456 9.27396 -1.0473280146115 0.447472937754138 -0.536088907506449 0.36200478631584 -1.05983272623577 1.39199451348944
13.857571376 1.63989144 -1.07142039954485 0.0660370581830986 -1.3466407432458 0.711186493288014 -0.72567459223489 1.32888074997253
13.599960832 -3.10391248 -1.26823482811667 0.10054084711854 -1.43950419711901 0.726200079046279 -0.830024198080063 1.29765127013786
-10.219589712 11.875198176 -1.01823389238994 0.584501095468076 -0.179708541565188 0.204357462052077 -1.15367152375126 1.40512772604823
7.656068768 -4.42338112 -1.44457822023665 0.27329057609865 -1.22712754140482 0.617288336558937 -1.07256223598349 1.27787333248495
6.782706192 0.841927072 -1.2391216306522 0.278053046296183 -1.09526059269524 0.569056818049134 -0.981259296512205 1.33204912982367
-8.75560784 10.895021472 -1.04376060779253 0.564148399611848 -0.265555402869044 0.234543538502516 -1.14664509801843 1.39984024889856
-1.40428256 -11.931786 -1.90549537737284 0.584035840112888 -0.985309891560438 0.428144937669746 -1.53395829863399 1.133679543926
-3.490299648 -1.97293936 -1.52248112477614 0.557606967073244 -0.716039021863677 0.350004686655366 -1.3518194156632 1.27099611163336
-13.009323408 -13.521431552 -2.10804318610629 0.938791285768965 -0.450110595559553 0.0591148528908989 -1.88893894092328 0.999565010422028
11.425979168 -2.94683288 -1.31067835676367 0.176984481177459 -1.36069630265089 0.674570895702865 -0.908831336304007 1.30293343319039
-15.095340496 -5.89992936 -1.79696444171235 0.895044716352938 -0.263759692954672 0.0232800287451748 -1.7140555230912 1.14537140671922
18.174118784 19.678912704 -0.215985680946689 -0.196281276050604 -1.07333282738573 0.775734711834676 -0.193899864100973 1.34616482210683
-4.935431968 3.694492608 -1.29683132978533 0.553079857751335 -0.566201316715785 0.308323834432755 -1.23862510848729 1.3413003123216
15.755092944 -1.275505936 -1.14734016754873 0.0343628454155817 -1.49424688484669 0.751579790564722 -0.709085134970524 1.30976997181802
6.286334656 -1.382320064 -1.34157840344225 0.293208746580516 -1.11315599059111 0.573837839060004 -1.04650841090787 1.30827117354024
-12.594633264 -5.196212752 -1.74668701488361 0.822237504665249 -0.354657982891027 0.0948517826788681 -1.64789585040594 1.17419068896687
7.121998128 -8.237273808 -1.6051649492396 0.325332366809206 -1.29706472078079 0.613654687615827 -1.16349204467765 1.24075655904745
21.02668432 -8.312672016 -1.27832748057661 -0.113575343653997 -1.88116478651358 0.889042670258553 -0.584264074560358 1.24557716226636
-5.8653432 -10.637450096 -1.91276215912819 0.701590537321191 -0.760001188824411 0.295098263585694 -1.6311758576088 1.12507034432031
11.53907648 0.634582 -1.16854801046637 0.137077056517543 -1.2793881073589 0.674227238003608 -0.834655134901785 1.3261254887694
-8.372333616 -11.146388 -1.96726557377639 0.772093767921658 -0.642377122459743 0.220869334536219 -1.71413258536639 1.09063234629398
5.262175664 -0.7791344 -1.34300298219896 0.32147164265663 -1.05773423415576 0.547938685671215 -1.07226997335034 1.31242435004992
-13.62507544 9.77661472 -1.13749166100913 0.676967660904099 -0.074154150223638 0.11907042377653 -1.27281020146214 1.37485492719936
1.73730944 14.231392176 -0.791606473025301 0.286201924698187 -0.617992619610396 0.470728097612757 -0.831963104588929 1.42054348541854
-1.586494896 -3.908160032 -1.57354335972303 0.534633228350428 -0.838027517849902 0.391523819870995 -1.34562826503119 1.25877411340771
10.979873104 -19.389925408 -1.98884574875106 0.272318867078764 -1.73311118970592 0.785528120785007 -1.22899676509139 1.10355445821111
-10.590297568 9.500154624 -1.1272885391636 0.620845559793853 -0.21079880518174 0.187059178693811 -1.22648871845559 1.37897027418132
-9.66666952 12.880507616 -0.966448844964623 0.565600709530524 -0.191968088756723 0.219595668628884 -1.1126587468609 1.41678727537175
-0.518353616 13.188383632 -0.861011025732486 0.347451360855466 -0.549827512790445 0.425186447822999 -0.911267252941634 1.41715314754261
-0.373840384 5.874757456 -1.16195747674706 0.407677207227403 -0.696861920954677 0.422456240652329 -1.08467931436254 1.36244807813584
-2.290211504 -14.997979792 -2.05308792221038 0.639860924730258 -1.00195351452114 0.413431642739414 -1.64004813941466 1.06925641174776
3.333238176 23.486522208 -0.352419053429581 0.154865673735194 -0.479836944187055 0.529075111405204 -0.549972911129369 1.44823859436943
21.648719536 6.609889984 -0.671556730529324 -0.198918302028774 -1.52262257712603 0.830271163040904 -0.320885088576462 1.31361015431971
14.14659784 -4.875770368 -1.32764677834612 0.0779069111558298 -1.5025934039253 0.757882514457608 -0.838671239206246 1.27710797810388
-5.149060224 -10.945326112 -1.91245361119311 0.692779326593064 -0.798412219718395 0.30988461025458 -1.61938790629642 1.12718478548949
-15.905871232 -0.603205248 -1.57663105995379 0.855746293560504 -0.132914437343025 0.00674624460589801 -1.58835837758832 1.23162815577335
4.53332632 5.673695568 -1.09471041750288 0.291412024145115 -0.902910556029323 0.523200189809038 -0.951259103094687 1.36452960559491
19.562702448 7.401571168 -0.703248265438095 -0.142136494965619 -1.42270814225221 0.797986680035779 -0.397105825484276 1.32812589421522
-2.993928112 16.449356128 -0.755042400273792 0.377499640990564 -0.399586968575232 0.37883984353595 -0.884519465414472 1.43994650902652
-3.232689104 16.015816432 -0.77920414391183 0.376046056739735 -0.391442022314104 0.381481320199807 -0.904286295463684 1.43116485788078
16.81695104 2.312192128 -0.976741469869688 -0.0186811792944633 -1.4502477209187 0.758226656304484 -0.600399244936655 1.32732601846818
-2.861981248 -0.389576992 -1.44405734208973 0.526201381215994 -0.716797935276519 0.365181975016026 -1.29537949229587 1.29351334570244
-16.948879776 5.893607008 -1.30890196806202 0.79930811685093 0.0227952995934533 0.0069872427859895 -1.42827344886362 1.32130008717961
-2.799149408 -2.155151696 -1.51783751024088 0.547863448870888 -0.748689912437609 0.361248760299178 -1.33718744658321 1.27503273709361
19.977392592 7.489535744 -0.690222341570325 -0.149426259610846 -1.44286286229812 0.80138333638949 -0.379224430116646 1.32758577961757
13.229252976 -16.461961664 -1.81942878567896 0.161832591910741 -1.74757802919085 0.823660995561803 -1.07934091557475 1.14808396650337
-2.704901648 -5.152230464 -1.63622692503497 0.570896524358331 -0.809247210074148 0.368584977556875 -1.40394883108644 1.23818369376172
-5.105077936 10.737941872 -1.01488726889952 0.485916999876692 -0.429323020966095 0.316773912861372 -1.07339743113625 1.40275521135788
2.296512816 4.988828512 -1.15977385115682 0.349841232945786 -0.823356675295155 0.479467981907374 -1.03378333078289 1.35735843450268
-8.340917696 8.180685984 -1.15704854888419 0.580282847996257 -0.332433769424948 0.239078794651649 -1.21059361974743 1.37112586446986
6.173237344 7.79741176 -0.986332349184123 0.23434192913782 -0.923489109785841 0.554688816598319 -0.860174309825319 1.37801340481042
10.131643264 -7.489574912 -1.51973272947729 0.223497937329203 -1.39804002481063 0.682366034451414 -1.04529801819807 1.25208062207411
-14.291092944 6.25803168 -1.28011402870328 0.731203305958441 -0.1032740438418 0.0868085140090912 -1.3714051768248 1.33454042371533
12.88996104 8.124137328 -0.841368349267979 0.0444190118934012 -1.15969093918287 0.685061872659434 -0.637490748507862 1.36253769123128
-9.723218176 -9.864618464 -1.91810887049305 0.806122712853715 -0.562774674714041 0.171825467789116 -1.71035530795744 1.1114327556074
8.925271936 -1.181258176 -1.29327148574324 0.225452144458262 -1.2129773951676 0.625486784104209 -0.963181512478649 1.31194410880422
7.348192752 1.080688064 -1.23064579198519 0.260617350616325 -1.11360119107486 0.58084479052102 -0.964560241762351 1.33438509115072
2.290229632 3.487147536 -1.22134352751973 0.360424840512099 -0.853852455617655 0.481974626636706 -1.0673784875363 1.34394931505387
16.685004176 -3.70081496 -1.21915728094492 0.0155486433099937 -1.58412360526289 0.782022960167179 -0.714538858215014 1.29076677815696
-2.805432592 -1.34462096 -1.49259707342306 0.532393051855499 -0.73675137589561 0.369040821828869 -1.32010557426392 1.28085987060103
-1.366583456 -8.658247136 -1.76201154650802 0.572547804495063 -0.931161380003112 0.405230269778918 -1.4509206199134 1.19497454331323
5.66429944 4.580421552 -1.12107424788001 0.273569224038356 -0.962698331571834 0.542949423707493 -0.944325849264742 1.35676385138488
5.419255264 -11.253202128 -1.76090519248327 0.407088498723357 -1.28039367128899 0.580653819791413 -1.2953053618273 1.19666544272522
-13.424013552 -6.861256512 -1.82994916299632 0.86270251019802 -0.335829471189784 0.0650701030365204 -1.71549714367987 1.13566438273405
4.357397168 -0.333028336 -1.34128922553929 0.345111416005023 -1.02433404671115 0.526925563146242 -1.08864755305586 1.31512877318797
10.97358992 -7.319928944 -1.49664548029573 0.221739173291272 -1.43719866206278 0.681483996441321 -1.01328263182939 1.26330773209928
2.170849136 2.601218592 -1.25151721671773 0.374387617528098 -0.868337698184902 0.477359771836782 -1.08839507724366 1.33813477811241
11.074120864 8.061305488 -0.877885874018843 0.102793977318519 -1.09686045319335 0.64575257311496 -0.697825930672539 1.37068420236235
3.414919568 -0.40214336 -1.35352421445146 0.378270965598197 -0.984232420977763 0.500196798888439 -1.11850807356411 1.31717229230521
17.44526944 20.162717872 -0.219502553784278 -0.187518481205783 -1.03375987771227 0.771032878940227 -0.212656739363201 1.34939724361734
5.438104816 -0.741435296 -1.33178165190253 0.314539198635682 -1.06173390204764 0.552075680845265 -1.06234624687825 1.31393705692037
-11.564191088 -9.022671808 -1.89400041562529 0.844002869057605 -0.459694268426028 0.114689133865071 -1.72464185847251 1.11205678728694
9.000670144 -1.740461552 -1.30980432986151 0.231368618520569 -1.24024475174957 0.625573690504579 -0.965534870720954 1.30915458426364
5.456954368 19.628647232 -0.497862702029519 0.149628867248396 -0.65156148200019 0.552420855576409 -0.596606543659539 1.43270764196715
-0.857645552 1.288033136 -1.35220491467489 0.462199306731076 -0.764592831895708 0.409420859210267 -1.20368785926839 1.31761455397572
-4.162600336 -8.82160992 -1.81595550454052 0.637238589615205 -0.806783279255452 0.341100963465905 -1.53920362382798 1.16713136189649
-9.867731408 -4.970018128 -1.71516159610379 0.762585901071663 -0.478704889993932 0.165353738345145 -1.58392892472105 1.19696995267666
-11.853217552 -9.864618464 -1.93528375381819 0.860012110151862 -0.452429239948857 0.104690660672221 -1.75888835353805 1.09452089754535
4.395096272 14.181126704 -0.752912846506262 0.223913539726462 -0.721018814604934 0.522337409505993 -0.762494030584489 1.41575285942111
-4.947998336 3.707058976 -1.29803849286158 0.548585581967006 -0.558871131631025 0.309954676948425 -1.24089947186198 1.33915561741792
7.178546784 10.285552624 -0.858847782272706 0.188791851611983 -0.907451961255459 0.571373659885953 -0.768662214099621 1.39299365573439
-7.291625968 -5.573203792 -1.71939813315975 0.688490545897432 -0.615889642483848 0.253698607079775 -1.53820861636785 1.19783367573362
-1.297468432 1.60847552 -1.35491672772926 0.470007627417725 -0.742149643767017 0.400751796733134 -1.21216431611361 1.31647003008986
21.40367536 -15.04196208 -1.53126494432646 -0.10895767873004 -2.08999829429133 0.951190561723265 -0.647476377987071 1.18982652070855
-9.98082872 15.067055648 -0.881786375634193 0.548726069453617 -0.130781643000633 0.220093110289556 -1.06650492557959 1.43117361774313
-6.443396128 7.055996048 -1.18326980201421 0.543181493553021 -0.433648326651599 0.284625723225473 -1.19629149744424 1.36298357983629
3.974122944 6.03812024 -1.08854049305808 0.293488383595687 -0.872351990521944 0.517256895585537 -0.958032610889491 1.36284449472604
-7.348174624 -0.860815792 -1.52605211510343 0.63989377326089 -0.528476648054085 0.254349826182921 -1.42136023838159 1.26483377009623
1.17182288 19.67262952 -0.562066717968716 0.245575341597088 -0.481007720243423 0.473990772760712 -0.708384198780303 1.44599962033854
4.420229008 4.303961456 -1.14435839777247 0.31452418798826 -0.931095928569674 0.515396292557336 -0.979135924918734 1.35853242709788
9.572439888 10.411216304 -0.813122921534503 0.118976903329289 -0.9982853687036 0.62142125277644 -0.691620584193919 1.38341988186382
19.003499072 5.730244224 -0.784909559132219 -0.1192687438936 -1.43947656798738 0.795277907982543 -0.452561272828304 1.32547387494423
-8.026758496 -0.917364448 -1.53671449378675 0.652550918662526 -0.501889340078997 0.240094288238024 -1.43716283892558 1.26087021430885
-4.269414464 -6.132407168 -1.70058477578901 0.629469615427749 -0.755182518912032 0.321266624812725 -1.47376318282995 1.21346796716499
19.732348416 1.740422384 -0.927460679469872 -0.112761470829334 -1.57220900052813 0.814213602282504 -0.49203484864795 1.3095379867825
-14.674367168 -6.289486768 -1.81111569312979 0.894458317617987 -0.269719110724609 0.0222668651267994 -1.72217088685364 1.13939010862425
-0.568619088 3.298652016 -1.27116640833117 0.438900875849723 -0.745586427827487 0.416249047259786 -1.14969270238228 1.3385751318785
-8.240386752 3.763607632 -1.33511145038023 0.627590509722082 -0.415110866251927 0.227962680400539 -1.31894364038415 1.3282589141109
-20.147020432 -0.540373408 -1.60175098366947 0.94876187374164 0.0913689658970288 -0.12284822096927 -1.66009269768708 1.20127266064401
-3.433750992 -7.037185664 -1.72237494117848 0.617796893702723 -0.808754867789526 0.343146309409102 -1.47206056651016 1.20677841272331
-4.633839136 7.432987088 -1.15420255276299 0.499772516393544 -0.493774273622932 0.324872052384425 -1.15325292205567 1.36874576037652
25.01650616 2.312192128 -0.74078209046162 -0.310114281309266 -1.7444851092822 0.910208276752463 -0.238865951264648 1.2639732309082
1.89438904 3.600244848 -1.21858326409555 0.381284777099606 -0.842342098370465 0.463921739726601 -1.07305959252735 1.34929932484061
3.195008128 -7.577539488 -1.64882304320124 0.44069978124803 -1.11180482358956 0.513699985134138 -1.28866314151993 1.23427259597324
-14.957110448 -9.757804336 -1.95600485858986 0.943454685896751 -0.296792166939115 0.000394609150607739 -1.82333324749752 1.06733271977779
5.739697648 0.85449344 -1.26380362757908 0.299355673183872 -1.04515991396656 0.551949309121687 -1.01932191579774 1.32814629929052
-13.543394048 11.366260272 -1.05786772192438 0.673590780968405 -0.0515550129248989 0.115051188413604 -1.22248615129811 1.39732717733922
-20.360648688 -5.277894144 -1.80116886842924 1.01501698406026 0.049005158136807 -0.161227267084585 -1.79729229353979 1.10869031061698
-1.43569848 0.911042096 -1.3724646357609 0.480054674787868 -0.752857097013414 0.395997450994503 -1.22335032818152 1.31484241222826
-5.2370248 -2.456744528 -1.56334377914582 0.604600252569924 -0.652245876825471 0.308145464326624 -1.4054329341746 1.25860393850731
2.415893312 6.138651184 -1.10947940086185 0.351517217458967 -0.81439843965303 0.470563556238082 -0.999006286786086 1.3700159962172
-10.307554288 -9.958866224 -1.92411908532403 0.824578132072062 -0.534722036027115 0.150459971930933 -1.72460706874069 1.10642028097652
-12.550650976 12.22705648 -1.02187948234036 0.634527080602682 -0.0756361637318269 0.147955310903731 -1.18762790419131 1.40427623339186
-5.36268848 -7.464442176 -1.76996870691221 0.66710201242189 -0.728990541374798 0.296211868038811 -1.53630876696244 1.18560149712479
-10.150474688 -12.195679728 -2.03907844475401 0.831219121003709 -0.569953125278805 0.166708409602218 -1.79236722762959 1.04635040111889
-14.63038488 -9.500193792 -1.94555759434369 0.926018887070886 -0.31883206388707 0.0199841462621085 -1.80660841119731 1.07676473227758
9.792351328 -4.970018128 -1.42591178184016 0.237549574384777 -1.33556731616581 0.648015846837975 -1.01007536491024 1.28333873435327
-11.828084816 7.929358624 -1.18885406532913 0.666946908360744 -0.185810901424897 0.148771126416955 -1.28137266778953 1.36494711694719
-8.774457392 -5.661168368 -1.73626577113935 0.727386428213634 -0.538625795559347 0.209637285292155 -1.57812903706813 1.18838965978558
17.841110032 0.087944992 -1.03805571057043 -0.0410579258476007 -1.5369269059492 0.78583643386268 -0.599363543050599 1.31118805639135
-1.762424048 -11.039573872 -1.87810816502812 0.593505395506542 -0.957462037573391 0.411496445255186 -1.52511389035748 1.14491877351515
16.772968752 8.721039808 -0.724076140858177 -0.0683684285807967 -1.29000357241054 0.750933472769323 -0.483129969424461 1.34804632729267
-8.730475104 15.488028976 -0.857791875698395 0.506219977485112 -0.179399684659265 0.258839050636376 -1.03281550400037 1.43070583515601
18.337481568 12.805109408 -0.517263969430625 -0.138740616915354 -1.25876971639208 0.769611616840833 -0.337639031653995 1.34729238380878
-8.227820384 15.488028976 -0.854896429032936 0.497369915665016 -0.200839992837668 0.268819271609864 -1.02325318925821 1.43107884918713
-1.944636384 -7.608955408 -1.72633081430406 0.576320789709492 -0.891259000436166 0.39005704491215 -1.43926473043198 1.20659709974456
14.17801376 5.994137952 -0.886352877762861 0.0327508674936611 -1.26370922984996 0.70174244437027 -0.626033314980849 1.35139435023574
11.011289024 -6.647628256 -1.46130005826907 0.210504492813325 -1.4257218331683 0.681720844390535 -0.991882956594266 1.26809238983256
8.353502192 1.193785376 -1.20504848415335 0.218568540992369 -1.1393652492816 0.610607742189688 -0.929383115129121 1.32837946887278
6.625626592 3.355200672 -1.15376034389651 0.266046616193996 -1.03801159660003 0.560814971798345 -0.940168183519638 1.34986492185296
-0.512070432 -1.162408624 -1.44112939665953 0.488556533003606 -0.833616348981862 0.410480009397391 -1.24832605938479 1.29900320087932
11.526510112 14.199976256 -0.613847370444851 0.0349526308978603 -0.976822843768056 0.658998884028171 -0.54765224878768 1.39087966985216
16.075535328 -14.112050848 -1.65242589246847 0.0735348047897419 -1.81893779042515 0.849751199404739 -0.914456149301373 1.19148070079866
0.66916816 -0.094267344 -1.3935757513224 0.437539768662293 -0.857885445315821 0.444539027700062 -1.19630361553333 1.30670216302432
-1.473397584 -3.883027296 -1.57335589538822 0.527414922498799 -0.843809057466148 0.398318709893211 -1.34195402142703 1.25807414688711
14.718367584 6.019270688 -0.873618793779245 0.0117142193305662 -1.28331244281893 0.717452122198507 -0.606289523928868 1.35145839092976
-14.617818512 -2.042054384 -1.6347053953882 0.839502973044394 -0.2129392766099 0.0412927264566766 -1.60650099404922 1.21376087975534
6.217219632 -15.802227344 -1.92540352072221 0.417960332280387 -1.42603166424847 0.627184077596849 -1.35324339433071 1.13854373370885
3.320671808 6.50935904 -1.08082598084116 0.31703485073835 -0.839154414028699 0.496462715877376 -0.967323450718177 1.37225044951692
3.974122944 2.55095312 -1.23509742934694 0.32407033913343 -0.927967842032668 0.516467416664799 -1.04356669951827 1.33557159643213
-11.149500944 5.139624928 -1.30880922318559 0.680986251891718 -0.263517998091648 0.158785426818911 -1.34710531392768 1.33172060848526
-9.82374912 15.93413504 -0.835061647131501 0.53915584179308 -0.124153801042746 0.224273100661096 -1.03406683274591 1.44122856252905
-13.801004592 5.56688144 -1.30429411662638 0.737727655104957 -0.141647789105726 0.0911137324671685 -1.37909674211123 1.3307794605667
-8.403749536 -7.97338008 -1.82383314363302 0.75329445531096 -0.594302312258526 0.208909010666312 -1.62772486074072 1.15688761317229
4.118636176 3.694492608 -1.18102664219348 0.324559500008115 -0.92694189560538 0.511355861630097 -1.0086412239847 1.35253069731099
-1.976052304 -14.7592188 -2.03693027021219 0.64142473874983 -1.01362102869264 0.410812474396598 -1.62358695290852 1.07997290007583
-8.164988544 -7.357628048 -1.79379770860066 0.744839267397832 -0.598546863624652 0.213006390915562 -1.60412075479938 1.17233191926473
16.65987144 10.166172128 -0.672802913320663 -0.0714643161861457 -1.25726867394446 0.745027128882942 -0.459574916750309 1.35482797534878
18.061021472 -3.95214232 -1.19574479439251 -0.0300262597272488 -1.64492545059923 0.810950528591797 -0.661922559018081 1.28519812591368
-5.92817504 -22.4561192 -2.44366856452336 0.841827040598704 -0.944320167832732 0.312927207534285 -1.96347254784276 0.844326603066436
-0.549769536 -7.828866848 -1.72331907347718 0.537552906249541 -0.952582829465592 0.429055239860001 -1.4112197405677 1.20760160604908
10.288722864 -5.956478016 -1.44940997178485 0.229422889311574 -1.37991469164031 0.663599372027794 -1.00741294897292 1.27574167589704
7.913679312 3.418032512 -1.12900424608694 0.216119866673079 -1.07644241323168 0.596530390215766 -0.899295757169528 1.34648283314367
-1.1529552 -5.127097728 -1.6220249045179 0.520749918675462 -0.872949682676633 0.415172060577282 -1.36428556129103 1.23842301526418
-1.982335488 0.967590752 -1.38311462149497 0.492479708894377 -0.726765572268152 0.385230302481706 -1.24175825116837 1.31160642160759
15.981287568 13.885817056 -0.529331898941685 -0.0671843854379063 -1.16022373584925 0.724484668851276 -0.401518155992128 1.36906151067997
-5.249591168 15.330949376 -0.824947271194133 0.441760796901335 -0.329460135522334 0.326912640998377 -0.962266715027483 1.43459685920493
-3.879857056 0.898475728 -1.40906925940084 0.543947393196241 -0.649592576719714 0.338163408306126 -1.29168048329547 1.30555183673428
-9.861448224 -0.911081264 -1.54272093528564 0.702747934307837 -0.417689191305559 0.186264557187832 -1.47476317962971 1.25758142954649
14.800048976 12.91820672 -0.596660101000584 -0.0352456492992751 -1.12782034792234 0.709515144984451 -0.466078488419407 1.37278089880252
-0.65030048 2.563519488 -1.28726613964886 0.461659999909589 -0.765182473942316 0.404316172048707 -1.15896892013419 1.33971205073634
2.654654304 2.594935408 -1.2411008616942 0.356757334895176 -0.88641159167446 0.492215990112716 -1.07120459266321 1.33910796666917
14.297394256 -8.670813504 -1.46300801400003 0.123703307028111 -1.60942272980691 0.756425916263717 -0.8946867660924 1.2563988689464
5.865361328 -6.760725568 -1.56574493848683 0.353187144430692 -1.22306842591104 0.577542251920975 -1.17240686608269 1.25524608285207
12.32447448 -13.40833424 -1.71046155493175 0.189268390425115 -1.63470975006181 0.767198659793795 -1.06487732314299 1.19040445930147
-6.418263392 -23.153552624 -2.47676415415176 0.858650990203909 -0.926476040032535 0.30206292026699 -1.99233164718445 0.81655454712949
-8.196404464 11.56732216 -1.01733780505798 0.540388659378467 -0.272879210447684 0.253723479637398 -1.12377901370618 1.40172242751109
-13.31091624 4.197147328 -1.35800507346959 0.74575315087229 -0.181335741904037 0.0938890346911187 -1.40994054622005 1.31529188735171
-5.193042512 -7.489574912 -1.77534067962965 0.652716601424134 -0.734608383186216 0.309304475553055 -1.53667107034138 1.18110169120538
4.552175872 12.47838384 -0.820378824257747 0.236905075783201 -0.761847478855703 0.521273598690563 -0.797221137092379 1.40715038869296
-6.411980208 12.911923536 -0.933346522575877 0.501175662605306 -0.333232452905089 0.28746612711065 -1.04306223429334 1.42254177817868
14.134031472 8.909535328 -0.780058734999618 0.0103534275979023 -1.19467118368606 0.701518910826427 -0.574139319756067 1.36370735579445
16.037836224 1.1058208 -1.04525484466384 0.00638620458129838 -1.44336539490452 0.751231241634961 -0.654477006703187 1.32149111302446
2.158282768 2.64520088 -1.25655293913155 0.370744596601854 -0.86698807937529 0.479671675928069 -1.08882194369971 1.33493602577612
22.823674944 3.103873312 -0.782315861069248 -0.211576351590053 -1.65724560086653 0.852635057666341 -0.330929188302072 1.29507065475974
9.59128944 -9.971432592 -1.62350178331086 0.275741511883479 -1.44746178966246 0.668754704435328 -1.10795753316768 1.23232313863473
0.22934528 -9.280282352 -1.76495458966713 0.537054794109573 -1.01476808248684 0.445436489523443 -1.42031743815806 1.19437142521818
8.604829552 -3.537452176 -1.37383898707828 0.257981829508881 -1.26259705410112 0.62061067642206 -1.00594230457448 1.29993854337807
4.571025424 8.507411552 -0.981516923643252 0.270815579434539 -0.850925525223314 0.520494486728269 -0.885774711769487 1.38469641794028
-7.209944576 -0.710019376 -1.52058216358138 0.637407584185806 -0.530019388383891 0.256183043024877 -1.41644352858099 1.2677952633438
4.646423632 -0.314178784 -1.32972065133107 0.343570909047968 -1.03013175698997 0.527925073989598 -1.0794480206096 1.32005683724191
12.632350496 14.658648688 -0.575555679688976 0.00256526448818811 -1.0008015371513 0.677109829261985 -0.506100351415362 1.38558087952559
1.630495312 5.642279648 -1.13899101548123 0.365960300833152 -0.790556528429275 0.462099142356253 -1.03214938405308 1.36575685415867
-15.151889152 -7.445592624 -1.87060955956058 0.905973865480291 -0.249403192278906 0.0114727200429284 -1.76776870644583 1.10506124634004
-7.454988752 -5.504088768 -1.70721673452928 0.6938421833385 -0.601506469100916 0.245016908832111 -1.53473389780611 1.20444768464637
0.958194624 10.794490528 -0.94305569126207 0.332722482781297 -0.656253845958911 0.453813206526405 -0.933442254392034 1.39907383988617
-12.324456352 -0.722585744 -1.55252579289955 0.76995022642239 -0.300885865214516 0.110722935982725 -1.51926460890851 1.25275065274828
-4.746936448 12.189357376 -0.970824950976413 0.463463322321113 -0.410827202519201 0.329430481802362 -1.04531237542352 1.40488332690656
10.546333408 -9.66983976 -1.59213805412016 0.237056004781391 -1.47328492256517 0.693440228228988 -1.0666341362529 1.23362102872179
5.588901232 -2.63267368 -1.4102230820994 0.319344346797694 -1.10573536181406 0.564925830359311 -1.1017463134485 1.29241412740749
-8.051891232 3.782457184 -1.32495413433115 0.628761983641236 -0.426623877761596 0.228733088883379 -1.30996713022224 1.33263311460956
-2.258795584 -2.896567408 -1.53719993899352 0.54929101300265 -0.791456739159185 0.369545471307155 -1.33777351098015 1.27105232842698
-15.962419888 -0.571789328 -1.57397433467718 0.862140952506419 -0.128718999994025 0.00045141525646708 -1.58672063885813 1.23429435332814
3.722795584 10.599711824 -0.911536485246195 0.270508601389317 -0.769530183378563 0.506746039116722 -0.866097668578136 1.3973560855245
-8.290652224 0.829360704 -1.46471204671729 0.64707885850326 -0.460884313495854 0.23128535330689 -1.39962604986321 1.2862315785816
26.11606336 -2.890284224 -0.905817434630179 -0.328729209520123 -1.93054626537551 0.947400457469458 -0.252521744589638 1.23734683756571
-11.5202088 1.991749744 -1.43384068653967 0.718064943383044 -0.298043099544034 0.14358385043021 -1.43088230908255 1.29285757334848
1.127840592 7.960774544 -1.05474760436246 0.361739737253169 -0.724905345507117 0.449680200815348 -0.994391866551364 1.38151039597582
14.416774752 18.328028144 -0.375080932648544 -0.0726893335706604 -0.986222700482301 0.709222950162285 -0.359122183393365 1.38109846571024
-4.024370288 6.025553872 -1.20000869465039 0.490078542086053 -0.552490298140208 0.344548495235732 -1.16637626177599 1.3565196214066
-10.627996672 3.103873312 -1.3915978738429 0.680861443386941 -0.31374525331634 0.171914512740392 -1.39104941791708 1.30607344760181
6.154387792 -1.420019168 -1.34701756369094 0.299780359611983 -1.11114842398225 0.569848048179001 -1.05362336183484 1.30670209215653
2.937397584 21.764929792 -0.438288915969069 0.181799140527945 -0.504000844478532 0.514484248749584 -0.606347236752053 1.44651417546399
-7.140829552 -9.738954784 -1.88678020029874 0.716806122219189 -0.682442259379613 0.264405448944179 -1.639868863382 1.13028801422414
7.932528864 19.471567632 -0.458645965734398 0.0840859841730269 -0.727238917882747 0.599054190600144 -0.534936313085999 1.4188168086904
-14.328792048 -11.441697648 -2.01878278776411 0.941372234085488 -0.347020345770979 0.0202424360052881 -1.85650995706257 1.03510373367035
-0.442955408 -13.571697024 -1.95961816005041 0.58232556717206 -1.06220505603766 0.451914639839435 -1.54609464798286 1.11562501154756
9.195448848 -0.728868928 -1.2682527324434 0.216418786450527 -1.21843351198094 0.628984532984443 -0.942969318128373 1.31650923632995
14.454473856 4.517589712 -0.939212409491894 0.0300304354885355 -1.30749776529277 0.715480273563198 -0.644116309189417 1.34426475700268
-3.10074224 -6.886389248 -1.7146932074408 0.602328090624404 -0.841801176737865 0.362013044554034 -1.45657556430181 1.21092794376531
-9.91799688 1.7341392 -1.43827898747607 0.682159375048601 -0.373145895902826 0.185541792104549 -1.40981645684988 1.2936347583223
6.32403376 11.868914992 -0.817224844860041 0.190865985441168 -0.839780322030941 0.561120825588168 -0.763391631279189 1.39847146203069
5.934476352 13.79785248 -0.738950033811156 0.184717118883089 -0.79330905917234 0.554823392866756 -0.723342584840162 1.40775534263507
-18.343746624 -0.395860176 -1.58385524273055 0.909262368267169 -0.00248424506391981 -0.0671291286708622 -1.625616422064 1.21849048613543
11.69615608 11.699269024 -0.719999302950996 0.0571249871741512 -1.04461409908446 0.656312642179193 -0.599577448193552 1.38293675054642
18.771021264 -6.503115024 -1.26755244499053 -0.0314371889915567 -1.74595849887473 0.828069700932672 -0.663281022318634 1.27014777155957
12.600934576 -6.697893728 -1.43279654530341 0.14617720672034 -1.48544157123631 0.727038374971398 -0.932477316564899 1.26499912865367
-6.204635136 7.784845392 -1.1501838057518 0.536416539495981 -0.434128293240988 0.288685716337344 -1.17336329056488 1.37467635995892
4.834919152 11.479357584 -0.854814305387739 0.229184001539585 -0.788522662610727 0.532261581864534 -0.813109810647975 1.39812879848744
2.108017296 -1.589665136 -1.42123603128411 0.420140765011768 -0.946123973947861 0.472865587502578 -1.18502755247733 1.3002393702417
1.10899104 -8.532583456 -1.72658882662798 0.493993634180553 -1.03365646266361 0.474522676627257 -1.37800902235719 1.2045084194111
18.777304448 7.10626152 -0.740469021690948 -0.108662817001652 -1.41152327542377 0.780743053591394 -0.435422720674912 1.33353654576103
8.33465264 13.772719744 -0.703476468802408 0.121373011704756 -0.871329046252202 0.601494086941971 -0.661164384734014 1.40116561540984
18.551109824 -3.26099208 -1.15281863493772 -0.0527073295650314 -1.64473334731958 0.818659371975421 -0.628091848176392 1.2858346966111
-7.209944576 6.433960832 -1.22561819600764 0.561275216362723 -0.406016009967425 0.270163197978416 -1.23504610590886 1.35285892718777
-14.617818512 -10.097096272 -1.9652578104215 0.941258723549385 -0.31946237421598 0.00924294746830756 -1.82401511582322 1.06471171052989
-13.694190464 8.714756624 -1.16621211302638 0.705083119876624 -0.0894685077333977 0.100320148650578 -1.29311265452864 1.36986832063282
-2.91224672 -9.776653888 -1.83382688716065 0.6208761528969 -0.881583540941083 0.370259959206975 -1.52708167598931 1.16343301893727
9.503324864 -2.777186912 -1.34049437038997 0.212648178972438 -1.27161595044082 0.647302615696509 -0.972226720681152 1.29798031256611
4.671556368 -1.445151904 -1.37774008860973 0.336103630108603 -1.05216341417425 0.540883937331707 -1.10159329090268 1.30275973381267
6.10412232 -17.442138368 -2.01504433356103 0.418636082871824 -1.44521062643927 0.648047463761085 -1.40481433865967 1.09668919048698
19.506153792 11.102366544 -0.552805990514466 -0.16959826770019 -1.32605158227155 0.795047306498449 -0.329772074234704 1.33394034408469
14.90057992 8.218385088 -0.793732021028432 -0.0100970369459944 -1.23555614942449 0.719599808787906 -0.564451371174698 1.35618090615663
-5.538617632 -9.632140656 -1.86764908177995 0.683732670956142 -0.75945702700417 0.302699635612925 -1.59623579066582 1.14383773208964
-1.806406336 6.25803168 -1.16623237539198 0.450266342633915 -0.644554533231946 0.383090816830251 -1.10842854100619 1.36464498845403
2.453592416 0.653431552 -1.32631436506978 0.375408929367428 -0.915226128024257 0.490071938641496 -1.12214276898917 1.31762532516009
-3.370919152 -6.421433632 -1.69912683503294 0.608929439222457 -0.803781163361185 0.346243397933138 -1.45596010239128 1.21617690802557
-6.160652848 13.01245448 -0.932084313148572 0.485494495149578 -0.337315628777487 0.30000487165089 -1.04079691858525 1.41884705175967
-4.740653264 9.575552832 -1.06865144605192 0.482643431129591 -0.461059689118494 0.328557329191065 -1.0999447436173 1.38856223889935
-3.490299648 -7.213114816 -1.72933078320896 0.622344050476719 -0.8115666043733 0.341668449644887 -1.47648177291353 1.20577938548962
4.552175872 -1.432585536 -1.38585718703447 0.343771937023953 -1.04583791659356 0.535627866229494 -1.11118705580139 1.30079611517052
21.617303616 4.461041056 -0.769103694931731 -0.196490001543277 -1.57023488952584 0.844448924601423 -0.3658526011111 1.30229551220413
-2.78658304 -6.113557616 -1.67985944797267 0.568832964736253 -0.817451712462336 0.377291110157641 -1.4299687979285 1.21617935531057
4.558459056 5.673695568 -1.09348391990108 0.295271839039901 -0.906528315634886 0.519804084835755 -0.94949038329659 1.36577744733754
-14.341358416 2.544669936 -1.43625822297221 0.781491434050564 -0.159576736916307 0.0649473589600736 -1.47474025028813 1.28721256553984
-15.252420096 1.82838696 -1.47163815602323 0.807791235579432 -0.122732951873525 0.0380636039417865 -1.50845970126948 1.27153349359351
3.892441552 -6.013026672 -1.57968855778576 0.400940147274152 -1.11035627187719 0.531654705333761 -1.23287984801354 1.2523754201258
5.903060432 -8.03621192 -1.62210179540356 0.352569402313537 -1.23626207822093 0.589961037978432 -1.20587436681795 1.23631640946475
13.51827944 5.271571792 -0.936067417595173 0.0606663700008074 -1.25769706319645 0.691521535234446 -0.668567073305129 1.35325557986553
2.610672016 19.760594096 -0.535832518041212 0.213542063275043 -0.543369586441767 0.50173249837954 -0.667300025565979 1.44265738413728
5.708281728 -6.358601792 -1.56291552493571 0.346841829708944 -1.19296328747255 0.578247698795764 -1.17778895387149 1.25133251990986
15.491199216 5.171040848 -0.896707711451373 -0.00875284748445257 -1.32453192850918 0.735565808493613 -0.600200160128657 1.34081366011294
2.064035008 8.344048768 -1.02772765908487 0.329745073747432 -0.75084324713929 0.472277692498298 -0.961394127916295 1.38322493728115
-15.830473024 11.579888528 -1.06664611068511 0.721063192009343 0.0596412503974685 0.057183728434572 -1.25863278349976 1.39396172925402
-7.68746656 -1.677629712 -1.54227057188222 0.677640655688271 -0.532793933147288 0.227922781519251 -1.43797261374928 1.26775027202998
2.252530528 -1.828426128 -1.42856833969182 0.416852146198502 -0.961130135349223 0.479050350964473 -1.18544174729224 1.29822439851728
-0.17906168 18.032718496 -0.653157682453667 0.293778726447613 -0.465551958525588 0.44301121608555 -0.783924380947098 1.441125795323
-9.716934992 -10.838511984 -1.95982275415706 0.809514632552645 -0.574596427663312 0.176093633251651 -1.7340794938707 1.08982213411083
-9.270828928 5.987854768 -1.24829163450163 0.631477946227869 -0.333224902468607 0.205389949698432 -1.28109944895714 1.35093694645348
7.662351952 -4.278867888 -1.4372139902266 0.269434439413883 -1.22348271042569 0.619057383359498 -1.06819457383275 1.27916609209918
7.750316528 -11.473113568 -1.72508930011566 0.324651262169932 -1.38639203249152 0.648006518515448 -1.21255759618377 1.19934890619244
14.749783504 -20.250721616 -1.93241351661986 0.146783771148248 -1.93484681814246 0.880040778889588 -1.06345061332152 1.11161115078404
0.147663888 -21.023553248 -2.28437349886708 0.628729619955336 -1.22995940770356 0.512572758912915 -1.71537200242444 0.960977016056648
-8.058174416 -9.330547824 -1.88137289357376 0.747840471848912 -0.642492994259523 0.230287975693189 -1.65250531950354 1.13320813204202
1.228371536 25.57882248 -0.284177164931792 0.179387307459455 -0.357269178115407 0.50152452829234 -0.542245287254646 1.46032705864977
1.938371328 -3.1353284 -1.4841752658842 0.430585787056746 -0.978043402191013 0.480203207505455 -1.21943195225446 1.28333703585702
-2.321627424 18.566789136 -0.661864608547103 0.337162968577634 -0.37753871465307 0.403007206385308 -0.820706323838142 1.44768998579539
11.922350704 -7.923114608 -1.5017336897215 0.166912214666833 -1.47850722354974 0.726792501218725 -0.987469094552512 1.24735650342952
-6.424546576 -11.699308192 -1.94861165637524 0.738558521497243 -0.746759608866001 0.268834150454417 -1.6648092079408 1.11088067491212
-7.253926864 -0.546656592 -1.50738470662794 0.640148678819314 -0.528556522375098 0.252486154484755 -1.40803832511485 1.27381848171101
10.075094608 6.144934368 -0.977627639616656 0.141974174326212 -1.10819589935701 0.631526711076651 -0.768389660470926 1.36208288596696
-4.489325904 1.369714528 -1.39451362872439 0.563689766431687 -0.621716672983359 0.314936430807449 -1.29250737571662 1.31331386256467
8.573413632 -9.82691936 -1.6384813198191 0.301057661509804 -1.39795216319402 0.649359999661153 -1.14337758381665 1.22967938026332
-3.490299648 -7.100017504 -1.72355702085495 0.622102116203973 -0.809281792927161 0.340403884138641 -1.47331310480919 1.20762560438255
-4.313396752 -9.299131904 -1.83701188732461 0.642231421740576 -0.810410330028517 0.341378082204585 -1.55336730347953 1.15803885168114
-4.080918944 8.369181504 -1.10393349659003 0.487544996896298 -0.510458070017673 0.332822016352607 -1.11237530514908 1.38317010900513
-16.666136496 -0.603205248 -1.5802449113021 0.873604535208033 -0.0925633475441933 -0.0169356897676652 -1.60155750351271 1.22729103823293
-22.031975632 -0.282762864 -1.57623181348439 1.00095091610801 0.186604073811194 -0.192444399830344 -1.66854839101379 1.20416381760666
-9.03835112 -9.990282144 -1.91325636323358 0.794662824530965 -0.592538967606625 0.185843166669424 -1.69670031254391 1.11616080795428
-6.11667056 1.181219008 -1.41733667337688 0.592565785119405 -0.555838146078769 0.286965813529586 -1.33066229172149 1.30483619456804
-4.82861784 20.33236384 -0.600450632702189 0.371587494703958 -0.240227200436395 0.359659210767825 -0.82100008174938 1.46162682458463
18.676773504 -11.749573664 -1.47730165031679 -0.0142402094869991 -1.87523523459467 0.868871468132057 -0.747095074244801 1.22578837802237
11.985182544 0.490068768 -1.163626345059 0.131126080825648 -1.30463354511853 0.678530197894889 -0.820692039599941 1.32625343958075
8.08332528 5.353253184 -1.04292778700769 0.2090992329245 -1.05251038638452 0.589266670712582 -0.848662980294555 1.36430110393973
-9.773483648 1.45139592 -1.44919798989383 0.676654843392168 -0.385895909710513 0.193544586675275 -1.41256178313858 1.28719643521904
10.734828928 -3.851611376 -1.35379965441782 0.203515047120256 -1.35186318819787 0.661788932609009 -0.946282536925358 1.29559906040495
-10.533748912 11.875198176 -1.02590823766722 0.587387833969316 -0.169492179783532 0.200909439276827 -1.16176649939544 1.39897219805187
-12.318173168 16.4996216 -0.828665984578248 0.589929178871007 -0.010981986054946 0.167563622571055 -1.06226552181133 1.44590611560588
-2.013751408 -3.681965408 -1.56768514495329 0.545933296505312 -0.815020498120281 0.379261059986154 -1.35089797881042 1.26102188341992
6.286334656 5.686261936 -1.07184297112605 0.239811333133574 -0.971969840771869 0.565803607885973 -0.903776151749286 1.36144371611926
-12.456403216 9.49387144 -1.13369662742168 0.653478052729813 -0.116939341867414 0.144322144476615 -1.25759229694037 1.37626028643016
-7.524103776 -2.450461344 -1.57959755436106 0.664198961692554 -0.547714828126335 0.244412484490492 -1.46026630167647 1.24883448928109
