0.027 -0.1743 0 0 0 0
0.0269996565481547 -0.174300240733095 -0.000102453389240642 -7.18114568463202e-05 -0.0203272088679099 -0.0142475453294684
0.0269972715461078 -0.1743019124008 -0.00040599415679959 -0.000284562011924985 -0.0400834174114383 -0.0280938602476492
0.0269908561360514 -0.174306408911846 -0.00090489320243213 -0.000634225942045661 -0.0592686256305858 -0.041538944754532
0.0269784789427887 -0.174315083783088 -0.00159342142589369 -0.00111677752401813 -0.0778828335253522 -0.0545827988501236
0.0269582660737339 -0.174329250139514 -0.00246584972693963 -0.00172819103465227 -0.0959260410957371 -0.0672254225344243
0.0269284011189125 -0.174350180714237 -0.00351644900532527 -0.00246444075075809 -0.113398248341741 -0.0794668158074286
0.0268871251509612 -0.1743791078485 -0.00473949016080604 -0.00332150094914504 -0.130299455263364 -0.0913069786691436
0.0268327367251276 -0.174417223491675 -0.0061292440931373 -0.00429534590662289 -0.146629661860606 -0.102745911119563
0.0267635918792708 -0.174465679201261 -0.00767998170207445 -0.00538194990000153 -0.162388868133466 -0.113783613158691
0.0266781041338607 -0.174525586142888 -0.00938597388737282 -0.00657728720609063 -0.177577074081945 -0.124420084786524
0.0265747444919786 -0.174598015090312 -0.0112414915487878 -0.00787733210169996 -0.192194279706043 -0.134655326003066
0.0264520414393169 -0.174683996425418 -0.0132408055860748 -0.00927805886363937 -0.206240485005761 -0.144489336808314
0.026308580944179 -0.174784520138221 -0.0153781868989891 -0.0107754417687187 -0.219715689981096 -0.153922117202268
0.0261430064574797 -0.174900535826864 -0.0176479063872861 -0.0123654550937475 -0.232619894632051 -0.162953667184931
0.0259540189127447 -0.175032952697617 -0.0200442349507213 -0.0140440731155357 -0.244953098958625 -0.171583986756301
0.0257403767261111 -0.17518263956488 -0.0225614434890499 -0.015807270110893 -0.256715302960817 -0.179813075916378
0.0255008957963268 -0.175350424851181 -0.0251938029020273 -0.0176510203566293 -0.267906506638628 -0.187640934665161
0.0252344495047513 -0.175537096587177 -0.027935584089409 -0.0195712981295541 -0.278526709992058 -0.195067563002651
0.0249399687153549 -0.175743402411654 -0.0307810579509503 -0.0215640777064774 -0.288575913021107 -0.202092960928849
0.0246164417747191 -0.175970049571524 -0.0337244953864066 -0.0236253333642089 -0.298054115725775 -0.208717128443753
0.0242629145120368 -0.176217704921831 -0.0367601672955332 -0.0257510393795584 -0.306961318106061 -0.214940065547365
0.0238784902391117 -0.176486994925744 -0.0398823445780855 -0.0279371700293357 -0.315297520161967 -0.220761772239684
0.0234623297503589 -0.176778505654564 -0.0430852981338188 -0.0301796995903505 -0.323062721893491 -0.22618224852071
0.0230136513228045 -0.177092782787718 -0.0463632988624887 -0.0324746023394125 -0.330256923300634 -0.231201494390443
0.0225317307160859 -0.177430331612762 -0.0497106176638504 -0.0348178525533316 -0.336880124383396 -0.235819509848884
0.0220159011724515 -0.177791617025382 -0.0531215254376592 -0.0372054245089175 -0.342932325141777 -0.24003629489603
0.0214655534167609 -0.178177063529391 -0.0565902930836707 -0.0396332924829801 -0.348413525575777 -0.243851849531884
0.020880135656485 -0.178587055236731 -0.0601111915016401 -0.042097430752329 -0.353323725685395 -0.247266173756446
0.0202591535817056 -0.179021935867472 -0.0636784915913228 -0.044593813593774 -0.357662925470632 -0.250279267569714
0.0196021703651158 -0.179482008749813 -0.0672864642524743 -0.0471184152841249 -0.361431124931488 -0.252891130971689
0.0189088066620197 -0.179967536820082 -0.0709293803848498 -0.0496672101001915 -0.364628324067963 -0.255101763962372
0.0181787406103329 -0.180478742622735 -0.0746015108882047 -0.0522361723187836 -0.367254522880057 -0.256911166541762
0.0174117078305817 -0.181015808310356 -0.0782971266622945 -0.0548212762167108 -0.36930972136777 -0.258319338709858
0.0166075014259039 -0.181578875643659 -0.0820104986068744 -0.0574184960707831 -0.370793919531101 -0.259326280466661
0.0157659719820483 -0.182168045991485 -0.0857358976216999 -0.0600238061578101 -0.371707117370052 -0.259931991812172
0.0148870275673748 -0.182783380330805 -0.0894675946065263 -0.0626331807546016 -0.372049314884621 -0.26013647274639
0.0139706337328546 -0.183424899246717 -0.0931998604611091 -0.0652425941379674 -0.371820512074809 -0.259939723269315
0.0130168135120699 -0.184092582932448 -0.0969269660852035 -0.0678480205847173 -0.371020708940616 -0.259341743380947
0.0120256474212142 -0.184786371189354 -0.100643182378565 -0.0704454343716611 -0.369649905482042 -0.258342533081286
0.010997273459092 -0.185506163426919 -0.104342780240949 -0.0730308097756083 -0.367708101699086 -0.256942092370331
0.00993188710711897 -0.186251818662757 -0.108020030572111 -0.075600121073369 -0.36519529759175 -0.255140421248085
0.00882974132932208 -0.187023155522608 -0.111669204271805 -0.0781493425417529 -0.362111493160032 -0.252937519714545
0.0076911465723393 -0.187819952240342 -0.115284572239789 -0.0806744484575696 -0.358456688403933 -0.250333387769712
0.00651647076541982 -0.188641946657958 -0.118860405375816 -0.0831714130976291 -0.354230883323453 -0.247328025413586
0.00530613932042393 -0.189488836225582 -0.122390974579643 -0.0856362107387409 -0.349434077918592 -0.243921432646167
0.00406063513182311 -0.190360278001471 -0.125870550751024 -0.0880648156577151 -0.344066272189349 -0.240113609467456
0.0027804985767 -0.191255888652007 -0.129293404789715 -0.0904532021313611 -0.338127466135726 -0.235904555877451
0.00146632751474834 -0.192175244451703 -0.132653807595472 -0.092797344436489 -0.331617659757721 -0.231294271876154
0.000118777288273061 -0.193117881283202 -0.13594603006805 -0.0950932168499084 -0.324536853055335 -0.226282757463563
-0.00126143928015258 -0.194083294638925 -0.139164348711205 -0.0973367976063955 -0.316895099607387 -0.220877113231396
-0.00267355750105979 -0.195070943585667 -0.142304939785228 -0.099525406691335 -0.309154864039552 -0.215403966398586
-0.00411679962907508 -0.196080278175821 -0.145368636475713 -0.101659653160187 -0.301567485822306 -0.210040831758034
-0.00559040184272044 -0.197110758502544 -0.148356972468453 -0.103740640814213 -0.294132964955649 -0.204787709309739
-0.00709361570866961 -0.198161855733921 -0.15127148144924 -0.105769473454671 -0.286851301439581 -0.199644599053702
-0.00862570818174811 -0.199233052112965 -0.154113697103865 -0.107747254882823 -0.279722495274102 -0.194611500989922
-0.0101859616049332 -0.200323840957619 -0.15688515311812 -0.109675088899928 -0.272746546459212 -0.189688415118399
-0.0117736737093539 -0.201433726660757 -0.159587383177797 -0.111554079307247 -0.265923454994911 -0.184875341439134
-0.0133881576142911 -0.202562224690178 -0.162221920968689 -0.113385329906039 -0.259253220881198 -0.180172279952126
-0.0150287418271771 -0.203708861588613 -0.164790300176586 -0.115169944497564 -0.252735844118075 -0.175579230657375
-0.0166947702435965 -0.204873174973721 -0.167294054487281 -0.116909026883084 -0.24637132470554 -0.171096193554882
-0.0183856021472851 -0.20605471353809 -0.169734717586565 -0.118603680863857 -0.240159662643595 -0.166723168644646
-0.0201006122101308 -0.207253037049238 -0.172113823160231 -0.120255010241144 -0.234100857932238 -0.162460155926668
-0.0218391904921733 -0.208467716349611 -0.17443290489407 -0.121864118816206 -0.22819491057147 -0.158307155400947
-0.0236007424416037 -0.209698333356583 -0.176693496473875 -0.123432110390301 -0.222441820561291 -0.154264167067483
-0.0253846888947652 -0.21094448106246 -0.178897131585436 -0.124960088764691 -0.216841587901701 -0.150331190926276
-0.0271904660761527 -0.212205763534475 -0.181045343914546 -0.126449157740636 -0.2113942125927 -0.146508226977327
-0.0290175255984128 -0.21348179591479 -0.183139667146997 -0.127900421119394 -0.206099694634288 -0.142795275220635
-0.0308653344623438 -0.214772204420497 -0.185181634968581 -0.129314982702228 -0.200958034026465 -0.139192335656201
-0.0327333750568958 -0.216076626343615 -0.187172781065089 -0.130693946290396 -0.195969230769231 -0.135699408284024
-0.0346211451591707 -0.217394710051095 -0.189114639122313 -0.132038415685159 -0.191133284862585 -0.132316493104104
-0.0365281579344221 -0.218726114984815 -0.191008742826046 -0.133349494687777 -0.186450196306529 -0.129043590116442
-0.0384539419360555 -0.220070511661583 -0.192856625862078 -0.13462828709951 -0.181919965101062 -0.125880699321037
-0.040398041105628 -0.221427581673135 -0.194659821916203 -0.135875896721618 -0.177542591246183 -0.12282782071789
-0.0423600147728485 -0.222797017686136 -0.196419864674211 -0.137093427355361 -0.173318074741893 -0.119884954306999
-0.0443394376555777 -0.224178523442182 -0.198138287821895 -0.138281982802 -0.169246415588193 -0.117052100088366
-0.0463358998598279 -0.225571813757795 -0.199816625045046 -0.139442666862794 -0.165327613785081 -0.114329258061991
-0.0483490068797634 -0.22697661452443 -0.201456410029457 -0.140576583339004 -0.161561669332558 -0.111716428227872
-0.0503783795977001 -0.228392662708467 -0.203059176460919 -0.14168483603189 -0.157948582230624 -0.109213610586012
-0.0524236542841057 -0.229819706351217 -0.204626458025224 -0.142768528742711 -0.154488352479279 -0.106820805136408
-0.0544844825975997 -0.23125750456892 -0.206159788408164 -0.143828765272728 -0.151180980078523 -0.104538011879062
-0.0565605315849533 -0.232705827552744 -0.207660701295531 -0.144866649423201 -0.148026465028355 -0.102365230813973
-0.0586514836810894 -0.234164456568789 -0.209130730373116 -0.145883284995391 -0.145024807328777 -0.100302461941142
-0.0607570367090827 -0.23563318395808 -0.210571409326712 -0.146879775790556 -0.142176006979788 -0.0983497052605676
-0.0628769038801598 -0.237111813136573 -0.21198427184211 -0.147857225609958 -0.139480063981387 -0.0965069607722512
-0.065010813793699 -0.238600158595154 -0.213370851605103 -0.148816738254856 -0.136936978333576 -0.0947742284761919
-0.0671585104372301 -0.240098045899637 -0.214732682301482 -0.149759417526511 -0.134546750036353 -0.0931515083723899
-0.069319753186435 -0.241605311690763 -0.216071297617039 -0.150686367226183 -0.13230937908972 -0.0916388004608453
-0.0714943168051471 -0.243121803684206 -0.217388231237565 -0.151598691155131 -0.130224865493675 -0.0902361047415579
-0.0736819914453519 -0.244647380670567 -0.218685016848853 -0.152497493114616 -0.128293209248219 -0.088943421214528
-0.0758825826471862 -0.246181912515375 -0.219963188136695 -0.153383876905898 -0.126514410353352 -0.0877607498797555
-0.0780959113389389 -0.24772528015909 -0.221224278786883 -0.154258946330238 -0.124888468809074 -0.0866880907372404
-0.0803218138370505 -0.2492773756171 -0.222469822485207 -0.155123805188894 -0.123415384615385 -0.0857254437869823
-0.0825601418461134 -0.250838101979722 -0.223701352917461 -0.155979557283128 -0.122095157772284 -0.0848728090289819
-0.0848107624588716 -0.252407373412203 -0.224920403769436 -0.156827306414199 -0.120927788279773 -0.0841301864632387
-0.0870735581562208 -0.253985115154717 -0.226128508726923 -0.157668156383367 -0.119913276137851 -0.0834975760897531
-0.0893484268072088 -0.255571263522368 -0.227327201475715 -0.158503210991894 -0.119051621346517 -0.0829749779085245
-0.0916352816690348 -0.257165765905191 -0.228518015701604 -0.159333574041038 -0.118342823905773 -0.0825623919195536
-0.09393405138705 -0.258768580768148 -0.229702485090382 -0.16016034933206 -0.117786883815617 -0.0822598181228399
-0.0962446799947572 -0.26037967765113 -0.230882143327839 -0.160984640666219 -0.117383801076051 -0.0820672565183835
-0.0985671269014744 -0.261999037159981 -0.232058509345309 -0.161807541110633 -0.117120340935784 -0.0819750785785395
-0.100901363795872 -0.263626648713769 -0.233232216806476 -0.162629499683743 -0.116824451628058 -0.0818581134439212
-0.103247360693385 -0.265262500394009 -0.234402527210177 -0.163449967128553 -0.116443194147716 -0.0816778470039485
-0.105605079212818 -0.266906574053276 -0.235568584019565 -0.164268308314908 -0.11597656849476 -0.0814342792586213
-0.107974472378958 -0.268558845171603 -0.236729530697789 -0.165083888112654 -0.115424574669187 -0.0811274102079397
-0.110355484622579 -0.270219282856478 -0.237884510708001 -0.165896071391638 -0.114787212670999 -0.0807572398519033
-0.11274805178044 -0.271887849842844 -0.239032667513352 -0.166704223021705 -0.114064482500196 -0.0803237681905124
-0.115152101095283 -0.273564502493104 -0.240173144576993 -0.167507707872701 -0.113256384156777 -0.0798269952237669
-0.117567551215836 -0.275249190797115 -0.241305085362075 -0.168305890814472 -0.112362917640742 -0.0792669209516671
-0.119994312196812 -0.276941858372192 -0.242427633331748 -0.169098136716863 -0.111384082952092 -0.0786435453742127
-0.122432285498907 -0.278642442463107 -0.243539931949165 -0.169883810449722 -0.110319880090827 -0.0779568684914041
-0.124881363988805 -0.280350873942087 -0.244641124677475 -0.170662276882894 -0.109170309056946 -0.0772068903032406
-0.127341431939171 -0.282067077308818 -0.245730354979831 -0.171432900886224 -0.107935369850449 -0.0763936108097225
-0.129812365028658 -0.28379097069044 -0.246806766319382 -0.172195047329559 -0.106615062471337 -0.0755170300108499
-0.132294030341902 -0.285522465841551 -0.24786950215928 -0.172948081082745 -0.105209386919609 -0.0745771479066228
-0.134786286369525 -0.287261468144206 -0.248917705962676 -0.173691367015627 -0.103718343195266 -0.0735739644970415
-0.137288983008132 -0.289007876607916 -0.249950521192722 -0.174424269998052 -0.102141931298308 -0.0725074797821055
-0.139801961560315 -0.29076158386965 -0.250967091312567 -0.175146154899866 -0.100480151228734 -0.0713776937618149
-0.142325054734648 -0.292522476193831 -0.251966559785363 -0.175856386590914 -0.0987330029865438 -0.0701846064361695
-0.144858086645693 -0.294290433472341 -0.252948070074261 -0.176554329941042 -0.0969004865717385 -0.0689282178051696
-0.147400872813995 -0.296065329224517 -0.253910765642413 -0.177239349820096 -0.0949826019843177 -0.0676085278688153
-0.149953220166084 -0.297847030597155 -0.254853789952968 -0.177910811097923 -0.0929793492242819 -0.0662255366271074
-0.152514927034475 -0.299635398364504 -0.255776286469078 -0.178568078644368 -0.0908907282916299 -0.0647792440800438
-0.155085783157667 -0.301430286928274 -0.256677398653895 -0.179210517329277 -0.0887167391863626 -0.0632696502276259
-0.157665569680145 -0.303231544317628 -0.257556269970569 -0.179837492022497 -0.0864573819084797 -0.0616967550698536
-0.160254059152377 -0.305039012189187 -0.25841204388225 -0.180448367593872 -0.0841126564579813 -0.0600605586067265
-0.162851015530819 -0.30685252582703 -0.259243863852091 -0.181042508913249 -0.0816825628348678 -0.0583610608382459
-0.165456194177909 -0.30867191414269 -0.260050873343242 -0.181619280850474 -0.0791671010391384 -0.0565982617644097
-0.16806934186207 -0.310496999675159 -0.260832215818854 -0.182178048275393 -0.0765662710707934 -0.0547721613852195
-0.17069019675771 -0.312327598590884 -0.261587034742079 -0.182718176057852 -0.073880072929833 -0.0528827597006744
-0.173318488445224 -0.314163520683769 -0.262314473576066 -0.183239029067697 -0.0711085066162571 -0.0509300567107749
-0.175953937910989 -0.316004569375176 -0.263013675783968 -0.183739972174773 -0.0682515721300656 -0.0489140524155207
-0.178596257547368 -0.317850541713922 -0.263683784828935 -0.184220370248927 -0.0653092694712585 -0.0468347468149123
-0.181245151152708 -0.319701228376282 -0.264323944174119 -0.184679588160004 -0.0622815986398361 -0.0446921399089493
-0.183900313931341 -0.321556413665985 -0.264933297282669 -0.185116990777851 -0.0591685596357984 -0.0424862316976322
-0.186561432493586 -0.32341587551422 -0.265510987617738 -0.185531942972313 -0.0559701524591448 -0.0402170221809599
-0.189228184855743 -0.325279385479632 -0.266056158642476 -0.185923809613237 -0.0526863771098758 -0.0378845113589333
-0.1919002404401 -0.32714670874832 -0.266567953820034 -0.186291955570468 -0.0493172335879912 -0.0354886992315523
-0.194577260074927 -0.329017604133842 -0.267045516613564 -0.186635745713852 -0.0458627218934911 -0.0330295857988165
-0.197258895994482 -0.330891824077213 -0.267487990486216 -0.186954544913236 -0.0423228420263756 -0.0305071710607264
-0.199944791839006 -0.332769114646903 -0.267894518901141 -0.187247718038464 -0.0386975939866445 -0.0279214550172816
-0.202634582654724 -0.33464921553884 -0.268264245321491 -0.187514629959384 -0.0349869777742977 -0.0252724376684823
-0.205327894893847 -0.336531860076408 -0.268596313210416 -0.187754645545841 -0.0311909933893356 -0.0225601190143285
-0.208024346414571 -0.338416775210447 -0.268889866031068 -0.18796712966768 -0.027309640831758 -0.0197844990548203
-0.210723546481076 -0.340303681519255 -0.269144047246597 -0.188151447194749 -0.0233429201015648 -0.0169455777899574
-0.213425095763526 -0.342192293208586 -0.269358000320154 -0.188306962996892 -0.0192908311987561 -0.0140433552197401
-0.216128586338073 -0.344082318111651 -0.269530868714891 -0.188433041943957 -0.0151533741233319 -0.0110778313441683
-0.21883360168685 -0.345973457689116 -0.269661795893958 -0.188529048905788 -0.0109305488752921 -0.00804900616324189
-0.221539716697977 -0.347865407029106 -0.269749925320506 -0.188594348752231 -0.00662235545463688 -0.00495687967696096
-0.224246497665558 -0.349757854847202 -0.269794400457688 -0.188628306353133 -0.00222879386136612 -0.00180145188532554
-0.226953502334442 -0.351650483519491 -0.269794400457688 -0.188630312929867 0.00222879386136633 0.00140151899866908
-0.229660283302024 -0.353542971594332 -0.269749925320506 -0.18860036578892 0.00662235545463719 0.00455748369705034
-0.23236639831315 -0.355435001393763 -0.269661795893958 -0.188539068321895 0.0109305488752924 0.00765068399682328
-0.235071413661927 -0.357326261525264 -0.269530868714891 -0.188447050271922 0.0151533741233321 0.0106811198979878
-0.237774904236474 -0.359216446914806 -0.269358000320154 -0.188324941382131 0.0192908311987564 0.0136487914005436
-0.240476453518924 -0.361105258806856 -0.269144047246597 -0.188173371395652 0.0233429201015652 0.0165536985044911
-0.243175653585429 -0.362992404764372 -0.268889866031068 -0.187992970055615 0.0273096408317583 0.0193958412098303
-0.245872105106153 -0.364877598668806 -0.268596313210416 -0.187784367105149 0.031190993389336 0.0221752195165603
-0.248565417345276 -0.366760560720103 -0.268264245321491 -0.187548192287385 0.0349869777742981 0.0248918334246822
-0.251255208160994 -0.3686410174367 -0.267894518901141 -0.187285075345452 0.0386975939866446 0.0275456829341953
-0.253941104005518 -0.370518701655527 -0.267487990486216 -0.18699564602248 0.0423228420263758 0.0301367680451
-0.256622739925073 -0.372393352532008 -0.267045516613564 -0.186680534061599 0.0458627218934914 0.0326650887573963
-0.2592997595599 -0.374264715540058 -0.266567953820034 -0.186340369205939 0.0493172335879913 0.035130645071084
-0.261971815144257 -0.376132542472088 -0.266056158642476 -0.18597578119863 0.0526863771098756 0.037533436986163
-0.264638567506414 -0.377996591438999 -0.265510987617738 -0.185587399782801 0.0559701524591447 0.0398734645026342
-0.267299686068659 -0.379856626870186 -0.264933297282669 -0.185175854701582 0.0591685596357983 0.0421507276204961
-0.269954848847292 -0.381712419513538 -0.264323944174119 -0.184741775698104 0.0622815986398366 0.0443652263397503
-0.272603742452632 -0.383563746435435 -0.263683784828935 -0.184285792515496 0.065309269471259 0.0465169606603955
-0.275246062089011 -0.385410391020752 -0.263013675783968 -0.183808534896887 0.0682515721300659 0.0486059305824319
-0.277881511554776 -0.387252142972855 -0.262314473576066 -0.183310632585409 0.0711085066162573 0.0506321361058599
-0.28050980324229 -0.389088798313604 -0.261587034742079 -0.18279271532419 0.073880072929833 0.0525955772306797
-0.28313065813793 -0.390920159383352 -0.260832215818854 -0.18225541285636 0.0765662710707935 0.0544962539568907
-0.285743805822091 -0.392746034840944 -0.260050873343242 -0.18169935492505 0.0791671010391383 0.0563341662844931
-0.288348984469181 -0.394566239663719 -0.259243863852091 -0.181125171273389 0.0816825628348674 0.0581093142134871
-0.290945940847623 -0.39638059514751 -0.25841204388225 -0.180533491644507 0.0841126564579818 0.0598216977438732
-0.293534430319855 -0.398188928906639 -0.257556269970568 -0.179924945781534 0.08645738190848 0.0614713168756502
-0.296114216842333 -0.399991074873925 -0.256677398653895 -0.1793001634276 0.0887167391863626 0.0630581716088185
-0.298685072965525 -0.401786873300678 -0.255776286469078 -0.178659774325834 0.0908907282916298 0.0645822619433783
-0.301246779833916 -0.403576170756702 -0.254853789952968 -0.178004408219367 0.0929793492242815 0.0660435878793298
-0.303799127186005 -0.405358820130292 -0.253910765642412 -0.177334694851328 0.0949826019843182 0.0674421494166735
-0.306341913354306 -0.407134680628239 -0.252948070074261 -0.176651263964847 0.0969004865717387 0.0687779465554078
-0.308874945265352 -0.408903617775823 -0.251966559785363 -0.175954745303054 0.0987330029865438 0.0700509792955337
-0.311398038439685 -0.410665503416821 -0.250967091312567 -0.175245768609079 0.100480151228733 0.0712612476370507
-0.313911016991868 -0.412420215713501 -0.249950521192722 -0.174524963626052 0.102141931298308 0.0724087515799598
-0.316413713630475 -0.414167639146622 -0.248917705962676 -0.173792960097102 0.103718343195266 0.0734934911242599
-0.318905969658098 -0.41590766451544 -0.24786950215928 -0.17305038776536 0.10520938691961 0.0745154662699523
-0.321387634971342 -0.4176401889377 -0.246806766319382 -0.172297876373955 0.106615062471337 0.0754746770170356
-0.323858568060829 -0.419365115849644 -0.245730354979831 -0.171536055666017 0.107935369850449 0.0763711233655104
-0.326318636011195 -0.421082355006004 -0.244641124677475 -0.170765555384675 0.109170309056945 0.0772048053153765
-0.328767714501093 -0.422791822480005 -0.243539931949165 -0.169987005273061 0.110319880090827 0.0779757228666345
-0.331205687803188 -0.424493440663366 -0.242427633331748 -0.169201035074304 0.111384082952092 0.078683876019284
-0.333632448784164 -0.426187138266298 -0.241305085362075 -0.168408274531532 0.112362917640742 0.0793292647733244
-0.336047898904717 -0.427872850317507 -0.240173144576993 -0.167609353387878 0.113256384156777 0.0799118891287567
-0.33845194821956 -0.42955051816419 -0.239032667513352 -0.166804901386469 0.114064482500196 0.0804317490855806
-0.340844515377421 -0.431220089472036 -0.237884510708001 -0.165995548270437 0.114787212670999 0.0808888446437956
-0.343225527621042 -0.43288151822523 -0.236729530697789 -0.16518192378291 0.115424574669187 0.0812831758034024
-0.345594920787182 -0.434534764726448 -0.235568584019565 -0.164364657667019 0.115976568494759 0.0816147425644004
-0.347952639306615 -0.436179795596859 -0.234402527210177 -0.163544379665894 0.116443194147716 0.0818835449267904
-0.350298636204128 -0.437816583776125 -0.233232216806475 -0.162721719522664 0.116824451628058 0.0820895828905717
-0.352632873098526 -0.4394451085224 -0.232058509345309 -0.16189730698046 0.117120340935783 0.0822328564557439
-0.354955320005243 -0.441065355270202 -0.230882143327839 -0.16107168678714 0.117383801076051 0.0823514860012749
-0.35726594861295 -0.442677310789015 -0.229702485090382 -0.16024441562054 0.117786883815617 0.0825693627588055
-0.359564718330965 -0.4442809531363 -0.228518015701604 -0.159414412693964 0.118342823905773 0.0828960168230777
-0.361851573192791 -0.445876249427787 -0.227327201475715 -0.158580586596308 0.119051621346517 0.0833314481940912
-0.364126441843779 -0.447463155828593 -0.226128508726923 -0.157741845916468 0.11991327613785 0.0838756568718469
-0.366389237541128 -0.449041617553224 -0.224920403769435 -0.156897099243339 0.120927788279773 0.0845286428563436
-0.368639858153887 -0.450611568865569 -0.223701352917461 -0.156045255165816 0.122095157772284 0.0852904061475822
-0.370878186162949 -0.452172933078907 -0.222469822485207 -0.155185222272796 0.123415384615384 0.0861609467455618
-0.373104088661061 -0.453725622555904 -0.221224278786883 -0.154315909153174 0.124888468809073 0.087140264650283
-0.375317417352814 -0.455269538708611 -0.219963188136695 -0.153436224395845 0.126514410353352 0.0882283598617466
-0.377518008554648 -0.456804571998466 -0.218685016848853 -0.152545076589705 0.128293209248218 0.0894252323799501
-0.379705683194853 -0.458330601936297 -0.217388231237565 -0.15164137432365 0.130224865493674 0.0907308822048966
-0.381880246813565 -0.459847497082316 -0.216071297617039 -0.150724026186574 0.132309379089719 0.0921453093365841
-0.38404148956277 -0.461355115046121 -0.214732682301482 -0.149791940767374 0.134546750036353 0.0936685137750137
-0.386189186206301 -0.4628533024867 -0.213370851605103 -0.148844026654946 0.136936978333575 0.0953004955201841
-0.38832309611984 -0.464341895112427 -0.21198427184211 -0.147879192438184 0.139480063981387 0.0970412545720962
-0.390442963290917 -0.46582071768106 -0.210571409326712 -0.146896346705985 0.142176006979787 0.0988907909307497
-0.392548516318911 -0.467289583999749 -0.209130730373116 -0.145894398047244 0.145024807328777 0.100849104596145
-0.394639468415047 -0.468748296925026 -0.207660701295531 -0.144872255050856 0.148026465028355 0.102916195568282
-0.3967155174024 -0.470196648362814 -0.206159788408164 -0.143828826305717 0.151180980078522 0.10509206384716
-0.398776345715894 -0.471634419268419 -0.204626458025224 -0.142763020400723 0.154488352479278 0.10737670943278
-0.4008216204023 -0.473061379646537 -0.203059176460919 -0.141673745924769 0.157948582230624 0.109770132325142
-0.402850993120236 -0.47447728855125 -0.201456410029457 -0.140559911466751 0.161561669332557 0.112272332524244
-0.404864100140172 -0.475881894086027 -0.199816625045046 -0.139420425615565 0.16532761378508 0.114883310030089
-0.406860562344422 -0.477274933403722 -0.198138287821895 -0.138254196960105 0.169246415588192 0.117603064842675
-0.408839985227151 -0.478656132706579 -0.196419864674211 -0.137060134089268 0.173318074741893 0.120431596962003
-0.410801958894372 -0.480025207246228 -0.194659821916203 -0.135837145591948 0.177542591246182 0.123368906388071
-0.412746058063944 -0.481381861323684 -0.192856625862078 -0.134584140057043 0.181919965101061 0.126414993120882
-0.414671842065578 -0.48272578828935 -0.191008742826046 -0.133300026073447 0.186450196306529 0.129569857160434
-0.416578854840829 -0.484056670543018 -0.189114639122313 -0.131983712230055 0.191133284862585 0.132833498506728
-0.418466624943104 -0.485374179533863 -0.187172781065089 -0.130634107115764 0.19596923076923 0.136205917159763
-0.420334665537656 -0.486677975760451 -0.185181634968581 -0.129250119319469 0.200958034026465 0.13968711311954
-0.422182474401587 -0.487967708770732 -0.183139667146997 -0.127830657430065 0.206099694634288 0.143277086386058
-0.424009533923847 -0.489243017162044 -0.181045343914546 -0.126374630036448 0.2113942125927 0.146975836959318
-0.425815311105235 -0.490503528581111 -0.178897131585436 -0.124880945727514 0.216841587901701 0.150783364839319
-0.427599257558396 -0.491748859724046 -0.176693496473875 -0.123348513092159 0.222441820561291 0.154699670026062
-0.429360809507827 -0.492978616336347 -0.17443290489407 -0.121776240719276 0.22819491057147 0.158724752519547
-0.431099387789869 -0.494192393212899 -0.172113823160231 -0.120163037197764 0.234100857932238 0.162858612319772
-0.432814397852715 -0.495389774197975 -0.169734717586565 -0.118507811116516 0.240159662643595 0.16710124942674
-0.434505229756404 -0.496570332185234 -0.167294054487281 -0.116809471064429 0.246371324705539 0.171452663840448
-0.436171258172823 -0.497733629117723 -0.164790300176586 -0.115066925630397 0.252735844118074 0.175912855560899
-0.437811842385709 -0.498879215987874 -0.162221920968689 -0.113279083403318 0.259253220881198 0.180481824588092
-0.439426326290646 -0.500006632837508 -0.159587383177797 -0.111444852972085 0.26592345499491 0.185159570922025
-0.441014038395067 -0.501115408757831 -0.15688515311812 -0.109563142925596 0.272746546459211 0.1899460945627
-0.442574291818252 -0.502205061889438 -0.154113697103865 -0.107632861852744 0.279722495274102 0.194841395510117
-0.44410638429133 -0.50327509942231 -0.15127148144924 -0.105652918342427 0.286851301439581 0.199845473764275
-0.44560959815728 -0.504325017595813 -0.148356972468453 -0.103622220983539 0.294132964955649 0.204958329325176
-0.447083200370925 -0.505354301698703 -0.145368636475713 -0.101539678364976 0.301567485822307 0.210179962192817
-0.44852644249894 -0.506362426069121 -0.142304939785228 -0.0994041990756341 0.309154864039552 0.215510372367199
-0.449938560719847 -0.507348854094595 -0.139164348711205 -0.0972146917044079 0.316895099607387 0.220949559848324
-0.451318777288273 -0.508313039240997 -0.13594603006805 -0.0949705570920005 0.324536853055336 0.226320904687868
-0.452666327514748 -0.509254444011638 -0.132653807595472 -0.0926744685691268 0.331617659757721 0.231299426180915
-0.4539804985767 -0.510172567220334 -0.129293404789715 -0.0903304344534017 0.338127466135726 0.235878059529535
-0.455260635131823 -0.511066947935996 -0.125870550751024 -0.0879424670004552 0.344066272189349 0.240056804733728
-0.456506139320424 -0.511937165484284 -0.122390974579643 -0.0855145784659169 0.349434077918592 0.243835661793492
-0.45771647076542 -0.5127828394476 -0.118860405375816 -0.0830507811054166 0.354230883323454 0.24721463070883
-0.458891146572339 -0.513603629665094 -0.115284572239789 -0.0805550871745839 0.358456688403933 0.250193711479736
-0.460029741329322 -0.51439923623266 -0.111669204271805 -0.0780315089290487 0.362111493160032 0.252772904106219
-0.461131887107119 -0.515169399502938 -0.108020030572111 -0.0754840586244405 0.365195297591749 0.25495220858827
-0.462197273459092 -0.515913900085313 -0.104342780240949 -0.0729167485163893 0.367708101699086 0.256731624925895
-0.463225647421214 -0.516632558845916 -0.100643182378565 -0.0703335908605242 0.369649905482042 0.258111153119092
-0.46421681351207 -0.517325236907624 -0.0969269660852036 -0.0677385979124759 0.371020708940616 0.259090793167861
-0.465170633732855 -0.517991835650057 -0.0931998604611093 -0.0651357819278731 0.371820512074808 0.259670545072202
-0.466087027567375 -0.518632296709585 -0.0894675946065265 -0.0625291551623462 0.372049314884621 0.259850408832117
-0.466965971982048 -0.519246601979318 -0.0857358976217 -0.0599227298715244 0.371707117370051 0.259630384447601
-0.467807501425904 -0.519834773609115 -0.0820104986068745 -0.0573205183110378 0.370793919531102 0.259010471918659
-0.468611707830582 -0.520396874005579 -0.0782971266622945 -0.0547265327365158 0.36930972136777 0.257990671245289
-0.469378740610333 -0.52093300583206 -0.0746015108882045 -0.0521447854035886 0.367254522880059 0.256570982427491
-0.47010880666202 -0.521443312008652 -0.0709293803848497 -0.0495792885678856 0.364628324067963 0.254751405465263
-0.470802170365116 -0.521927975712194 -0.0672864642524743 -0.0470340544850362 0.361431124931488 0.252531940358609
-0.471459153581706 -0.522387220376273 -0.0636784915913227 -0.0445130954106706 0.357662925470633 0.249912587107527
-0.472080135656485 -0.522821309691218 -0.0601111915016401 -0.0420204236004184 0.353323725685395 0.246893345712017
-0.472665553416761 -0.523230547604107 -0.0565902930836707 -0.039560051309909 0.348413525575776 0.243474216172078
-0.473215901172452 -0.52361527831876 -0.0531215254376593 -0.0371359907947726 0.342932325141776 0.239655198487712
-0.473731730716086 -0.523975886295744 -0.0497106176638503 -0.0347522543106389 0.336880124383396 0.235436292658919
-0.474213651322805 -0.524312796252373 -0.0463632988624888 -0.0324128541131369 0.330256923300636 0.230817498685699
-0.474662329750359 -0.524626473162704 -0.0430852981338188 -0.0301218024578971 0.323062721893491 0.225798816568047
-0.475078490239112 -0.524917422257541 -0.0398823445780853 -0.0278831116005488 0.315297520161966 0.220380246305968
-0.475462914512037 -0.525186189024433 -0.0367601672955331 -0.0257007937967219 0.306961318106061 0.214561787899464
-0.475816441774719 -0.525433359207673 -0.0337244953864066 -0.0235788613020461 0.298054115725776 0.208343441348531
-0.476139968715355 -0.525659558808303 -0.0307810579509503 -0.021521326372151 0.288575913021108 0.201725206653171
-0.476434449504751 -0.525865454084106 -0.0279355840894091 -0.0195322012626661 0.278526709992061 0.194707083813381
-0.476700895796327 -0.526051751549614 -0.0251938029020274 -0.0176154982292217 0.267906506638626 0.187289072829161
-0.476940376726111 -0.526219197976103 -0.02256144348905 -0.0157752295274467 0.25671530296082 0.17947117370052
-0.477154018912745 -0.526368580391594 -0.0200442349507214 -0.0140154074129717 0.244953098958624 0.171253386427443
-0.47734300645748 -0.526500726080854 -0.0176479063872861 -0.012340044141426 0.232619894632052 0.162635711009944
-0.477508580944179 -0.526616502585397 -0.0153781868989891 -0.0107531519684393 0.219715689981099 0.153618147448018
-0.477652041439317 -0.526716817703479 -0.0132408055860747 -0.00925874314964128 0.20624048500576 0.144200695741658
-0.477774744491979 -0.526802619490105 -0.0112414915487878 -0.00786082994066145 0.192194279706043 0.134383355890872
-0.477878104133861 -0.526874896257022 -0.00938597388737274 -0.00656342459713031 0.177577074081945 0.124166127895663
-0.477963591879271 -0.526934676572726 -0.00767998170207443 -0.00537053937467628 0.162388868133465 0.11354901175602
-0.478032736725128 -0.526983029262456 -0.00612924409313719 -0.00428618652893033 0.14662966186061 0.102532007471956
-0.478087125150961 -0.527021063408198 -0.00473949016080612 -0.00331437831552166 0.130299455263363 0.0911151150434553
-0.478128401118913 -0.527049928348681 -0.00351644900532524 -0.00245912699007981 0.11339824834174 0.0792983344705312
-0.478158266073734 -0.527070813679382 -0.0024658497269395 -0.00172444480823479 0.0959260410957365 0.0670816657531772
-0.478178478942789 -0.527084949252522 -0.00159342142589372 -0.00111434402561622 0.0778828335253525 0.0544651088913999
-0.478190856136051 -0.527093605177069 -0.000904893202432532 -0.000632836897854008 0.0592686256305879 0.0414486638851931
-0.478197271546108 -0.527098091818735 -0.000405994156799762 -0.000283935680576994 0.0400834174114393 0.0280323307345556
-0.478199656548155 -0.527099759799977 -0.000102453389240991 -7.16526294158675e-05 0.0203272088679067 0.0142161094394922
-0.4782 -0.5271 0 0 8.88178419700125e-16 -1.77635683940025e-15
