-1 -1 -1 -1 -4.4409e-16 -1 -1 -2.2449e-16
-1 -0.9 -1 -0.9 0.19 -1 -0.9 0.19
-1 -0.8 -1 -0.8 0.36 -1 -0.8 0.36
-1 -0.7 -1 -0.7 0.51 -1 -0.7 0.51
-1 -0.6 -1 -0.6 0.64 -1 -0.6 0.64
-1 -0.5 -1 -0.5 0.75 -1 -0.5 0.75
-1 -0.4 -1 -0.4 0.84 -1 -0.4 0.84
-1 -0.3 -1 -0.3 0.91 -1 -0.3 0.91
-1 -0.2 -1 -0.2 0.96 -1 -0.2 0.96
-1 -0.1 -1 -0.1 0.99 -1 -0.1 0.99
-1 0 -1 -5.2736e-16 1 -1 -3.2381e-16 1
-1 0.1 -1 0.1 0.99 -1 0.1 0.99
-1 0.2 -1 0.2 0.96 -1 0.2 0.96
-1 0.3 -1 0.3 0.91 -1 0.3 0.91
-1 0.4 -1 0.4 0.84 -1 0.4 0.84
-1 0.5 -1 0.5 0.75 -1 0.5 0.75
-1 0.6 -1 0.6 0.64 -1 0.6 0.64
-1 0.7 -1 0.7 0.51 -1 0.7 0.51
-1 0.8 -1 0.8 0.36 -1 0.8 0.36
-1 0.9 -1 0.9 0.19 -1 0.9 0.19
-1 1 -1 1 4.4409e-16 -1 1 2.2449e-16
-0.9 -1 -0.9 -1 -0.19 -0.9 -1 -0.19
-0.9 -0.9 -0.9 -0.9 7.2164e-16 -0.9 -0.9 -5.5005e-17
-0.9 -0.8 -0.9 -0.8 0.17 -0.9 -0.8 0.17
-0.9 -0.7 -0.9 -0.7 0.32 -0.9 -0.7 0.32
-0.9 -0.6 -0.9 -0.6 0.45 -0.9 -0.6 0.45
-0.9 -0.5 -0.9 -0.5 0.56 -0.9 -0.5 0.56
-0.9 -0.4 -0.9 -0.4 0.65 -0.9 -0.4 0.65
-0.9 -0.3 -0.9 -0.3 0.72 -0.9 -0.3 0.72
-0.9 -0.2 -0.9 -0.2 0.77 -0.9 -0.2 0.77
-0.9 -0.1 -0.9 -0.1 0.8 -0.9 -0.1 0.8
-0.9 0 -0.9 2.7756e-17 0.81 -0.9 -1.5363e-16 0.81
-0.9 0.1 -0.9 0.1 0.8 -0.9 0.1 0.8
-0.9 0.2 -0.9 0.2 0.77 -0.9 0.2 0.77
-0.9 0.3 -0.9 0.3 0.72 -0.9 0.3 0.72
-0.9 0.4 -0.9 0.4 0.65 -0.9 0.4 0.65
-0.9 0.5 -0.9 0.5 0.56 -0.9 0.5 0.56
-0.9 0.6 -0.9 0.6 0.45 -0.9 0.6 0.45
-0.9 0.7 -0.9 0.7 0.32 -0.9 0.7 0.32
-0.9 0.8 -0.9 0.8 0.17 -0.9 0.8 0.17
-0.9 0.9 -0.9 0.9 -7.2164e-16 -0.9 0.9 5.5005e-17
-0.9 1 -0.9 1 -0.19 -0.9 1 -0.19
-0.8 -1 -0.8 -1 -0.36 -0.8 -1 -0.36
-0.8 -0.9 -0.8 -0.9 -0.17 -0.8 -0.9 -0.17
-0.8 -0.8 -0.8 -0.8 4.4409e-16 -0.8 -0.8 8.782e-17
-0.8 -0.7 -0.8 -0.7 0.15 -0.8 -0.7 0.15
-0.8 -0.6 -0.8 -0.6 0.28 -0.8 -0.6 0.28
-0.8 -0.5 -0.8 -0.5 0.39 -0.8 -0.5 0.39
-0.8 -0.4 -0.8 -0.4 0.48 -0.8 -0.4 0.48
-0.8 -0.3 -0.8 -0.3 0.55 -0.8 -0.3 0.55
-0.8 -0.2 -0.8 -0.2 0.6 -0.8 -0.2 0.6
-0.8 -0.1 -0.8 -0.1 0.63 -0.8 -0.1 0.63
-0.8 0 -0.8 8.3267e-17 0.64 -0.8 1.1011e-16 0.64
-0.8 0.1 -0.8 0.1 0.63 -0.8 0.1 0.63
-0.8 0.2 -0.8 0.2 0.6 -0.8 0.2 0.6
-0.8 0.3 -0.8 0.3 0.55 -0.8 0.3 0.55
-0.8 0.4 -0.8 0.4 0.48 -0.8 0.4 0.48
-0.8 0.5 -0.8 0.5 0.39 -0.8 0.5 0.39
-0.8 0.6 -0.8 0.6 0.28 -0.8 0.6 0.28
-0.8 0.7 -0.8 0.7 0.15 -0.8 0.7 0.15
-0.8 0.8 -0.8 0.8 -4.4409e-16 -0.8 0.8 -8.782e-17
-0.8 0.9 -0.8 0.9 -0.17 -0.8 0.9 -0.17
-0.8 1 -0.8 1 -0.36 -0.8 1 -0.36
-0.7 -1 -0.7 -1 -0.51 -0.7 -1 -0.51
-0.7 -0.9 -0.7 -0.9 -0.32 -0.7 -0.9 -0.32
-0.7 -0.8 -0.7 -0.8 -0.15 -0.7 -0.8 -0.15
-0.7 -0.7 -0.7 -0.7 3.0531e-16 -0.7 -0.7 -2.8978e-16
-0.7 -0.6 -0.7 -0.6 0.13 -0.7 -0.6 0.13
-0.7 -0.5 -0.7 -0.5 0.24 -0.7 -0.5 0.24
-0.7 -0.4 -0.7 -0.4 0.33 -0.7 -0.4 0.33
-0.7 -0.3 -0.7 -0.3 0.4 -0.7 -0.3 0.4
-0.7 -0.2 -0.7 -0.2 0.45 -0.7 -0.2 0.45
-0.7 -0.1 -0.7 -0.1 0.48 -0.7 -0.1 0.48
-0.7 0 -0.7 -7.9103e-16 0.49 -0.7 -2.2331e-18 0.49
-0.7 0.1 -0.7 0.1 0.48 -0.7 0.1 0.48
-0.7 0.2 -0.7 0.2 0.45 -0.7 0.2 0.45
-0.7 0.3 -0.7 0.3 0.4 -0.7 0.3 0.4
-0.7 0.4 -0.7 0.4 0.33 -0.7 0.4 0.33
-0.7 0.5 -0.7 0.5 0.24 -0.7 0.5 0.24
-0.7 0.6 -0.7 0.6 0.13 -0.7 0.6 0.13
-0.7 0.7 -0.7 0.7 -3.0531e-16 -0.7 0.7 2.8978e-16
-0.7 0.8 -0.7 0.8 -0.15 -0.7 0.8 -0.15
-0.7 0.9 -0.7 0.9 -0.32 -0.7 0.9 -0.32
-0.7 1 -0.7 1 -0.51 -0.7 1 -0.51
-0.6 -1 -0.6 -1 -0.64 -0.6 -1 -0.64
-0.6 -0.9 -0.6 -0.9 -0.45 -0.6 -0.9 -0.45
-0.6 -0.8 -0.6 -0.8 -0.28 -0.6 -0.8 -0.28
-0.6 -0.7 -0.6 -0.7 -0.13 -0.6 -0.7 -0.13
-0.6 -0.6 -0.6 -0.6 5.5511e-17 -0.6 -0.6 5.8008e-17
-0.6 -0.5 -0.6 -0.5 0.11 -0.6 -0.5 0.11
-0.6 -0.4 -0.6 -0.4 0.2 -0.6 -0.4 0.2
-0.6 -0.3 -0.6 -0.3 0.27 -0.6 -0.3 0.27
-0.6 -0.2 -0.6 -0.2 0.32 -0.6 -0.2 0.32
-0.6 -0.1 -0.6 -0.1 0.35 -0.6 -0.1 0.35
-0.6 0 -0.6 2.7756e-17 0.36 -0.6 -4.2309e-17 0.36
-0.6 0.1 -0.6 0.1 0.35 -0.6 0.1 0.35
-0.6 0.2 -0.6 0.2 0.32 -0.6 0.2 0.32
-0.6 0.3 -0.6 0.3 0.27 -0.6 0.3 0.27
-0.6 0.4 -0.6 0.4 0.2 -0.6 0.4 0.2
-0.6 0.5 -0.6 0.5 0.11 -0.6 0.5 0.11
-0.6 0.6 -0.6 0.6 -5.5511e-17 -0.6 0.6 -5.8008e-17
-0.6 0.7 -0.6 0.7 -0.13 -0.6 0.7 -0.13
-0.6 0.8 -0.6 0.8 -0.28 -0.6 0.8 -0.28
-0.6 0.9 -0.6 0.9 -0.45 -0.6 0.9 -0.45
-0.6 1 -0.6 1 -0.64 -0.6 1 -0.64
-0.5 -1 -0.5 -1 -0.75 -0.5 -1 -0.75
-0.5 -0.9 -0.5 -0.9 -0.56 -0.5 -0.9 -0.56
-0.5 -0.8 -0.5 -0.8 -0.39 -0.5 -0.8 -0.39
-0.5 -0.7 -0.5 -0.7 -0.24 -0.5 -0.7 -0.24
-0.5 -0.6 -0.5 -0.6 -0.11 -0.5 -0.6 -0.11
-0.5 -0.5 -0.5 -0.5 1.1102e-16 -0.5 -0.5 -3.4186e-18
-0.5 -0.4 -0.5 -0.4 0.09 -0.5 -0.4 0.09
-0.5 -0.3 -0.5 -0.3 0.16 -0.5 -0.3 0.16
-0.5 -0.2 -0.5 -0.2 0.21 -0.5 -0.2 0.21
-0.5 -0.1 -0.5 -0.1 0.24 -0.5 -0.1 0.24
-0.5 0 -0.5 1.1796e-16 0.25 -0.5 3.7624e-17 0.25
-0.5 0.1 -0.5 0.1 0.24 -0.5 0.1 0.24
-0.5 0.2 -0.5 0.2 0.21 -0.5 0.2 0.21
-0.5 0.3 -0.5 0.3 0.16 -0.5 0.3 0.16
-0.5 0.4 -0.5 0.4 0.09 -0.5 0.4 0.09
-0.5 0.5 -0.5 0.5 -1.1102e-16 -0.5 0.5 3.4186e-18
-0.5 0.6 -0.5 0.6 -0.11 -0.5 0.6 -0.11
-0.5 0.7 -0.5 0.7 -0.24 -0.5 0.7 -0.24
-0.5 0.8 -0.5 0.8 -0.39 -0.5 0.8 -0.39
-0.5 0.9 -0.5 0.9 -0.56 -0.5 0.9 -0.56
-0.5 1 -0.5 1 -0.75 -0.5 1 -0.75
-0.4 -1 -0.4 -1 -0.84 -0.4 -1 -0.84
-0.4 -0.9 -0.4 -0.9 -0.65 -0.4 -0.9 -0.65
-0.4 -0.8 -0.4 -0.8 -0.48 -0.4 -0.8 -0.48
-0.4 -0.7 -0.4 -0.7 -0.33 -0.4 -0.7 -0.33
-0.4 -0.6 -0.4 -0.6 -0.2 -0.4 -0.6 -0.2
-0.4 -0.5 -0.4 -0.5 -0.09 -0.4 -0.5 -0.09
-0.4 -0.4 -0.4 -0.4 -8.8818e-16 -0.4 -0.4 -3.8937e-17
-0.4 -0.3 -0.4 -0.3 0.07 -0.4 -0.3 0.07
-0.4 -0.2 -0.4 -0.2 0.12 -0.4 -0.2 0.12
-0.4 -0.1 -0.4 -0.1 0.15 -0.4 -0.1 0.15
-0.4 0 -0.4 1.1102e-16 0.16 -0.4 7.6469e-18 0.16
-0.4 0.1 -0.4 0.1 0.15 -0.4 0.1 0.15
-0.4 0.2 -0.4 0.2 0.12 -0.4 0.2 0.12
-0.4 0.3 -0.4 0.3 0.07 -0.4 0.3 0.07
-0.4 0.4 -0.4 0.4 8.8818e-16 -0.4 0.4 3.8937e-17
-0.4 0.5 -0.4 0.5 -0.09 -0.4 0.5 -0.09
-0.4 0.6 -0.4 0.6 -0.2 -0.4 0.6 -0.2
-0.4 0.7 -0.4 0.7 -0.33 -0.4 0.7 -0.33
-0.4 0.8 -0.4 0.8 -0.48 -0.4 0.8 -0.48
-0.4 0.9 -0.4 0.9 -0.65 -0.4 0.9 -0.65
-0.4 1 -0.4 1 -0.84 -0.4 1 -0.84
-0.3 -1 -0.3 -1 -0.91 -0.3 -1 -0.91
-0.3 -0.9 -0.3 -0.9 -0.72 -0.3 -0.9 -0.72
-0.3 -0.8 -0.3 -0.8 -0.55 -0.3 -0.8 -0.55
-0.3 -0.7 -0.3 -0.7 -0.4 -0.3 -0.7 -0.4
-0.3 -0.6 -0.3 -0.6 -0.27 -0.3 -0.6 -0.27
-0.3 -0.5 -0.3 -0.5 -0.16 -0.3 -0.5 -0.16
-0.3 -0.4 -0.3 -0.4 -0.07 -0.3 -0.4 -0.07
-0.3 -0.3 -0.3 -0.3 1.9429e-16 -0.3 -0.3 6.6558e-17
-0.3 -0.2 -0.3 -0.2 0.05 -0.3 -0.2 0.05
-0.3 -0.1 -0.3 -0.1 0.08 -0.3 -0.1 0.08
-0.3 0 -0.3 -3.4694e-17 0.09 -0.3 -7.0296e-18 0.09
-0.3 0.1 -0.3 0.1 0.08 -0.3 0.1 0.08
-0.3 0.2 -0.3 0.2 0.05 -0.3 0.2 0.05
-0.3 0.3 -0.3 0.3 -1.9429e-16 -0.3 0.3 -6.6558e-17
-0.3 0.4 -0.3 0.4 -0.07 -0.3 0.4 -0.07
-0.3 0.5 -0.3 0.5 -0.16 -0.3 0.5 -0.16
-0.3 0.6 -0.3 0.6 -0.27 -0.3 0.6 -0.27
-0.3 0.7 -0.3 0.7 -0.4 -0.3 0.7 -0.4
-0.3 0.8 -0.3 0.8 -0.55 -0.3 0.8 -0.55
-0.3 0.9 -0.3 0.9 -0.72 -0.3 0.9 -0.72
-0.3 1 -0.3 1 -0.91 -0.3 1 -0.91
-0.2 -1 -0.2 -1 -0.96 -0.2 -1 -0.96
-0.2 -0.9 -0.2 -0.9 -0.77 -0.2 -0.9 -0.77
-0.2 -0.8 -0.2 -0.8 -0.6 -0.2 -0.8 -0.6
-0.2 -0.7 -0.2 -0.7 -0.45 -0.2 -0.7 -0.45
-0.2 -0.6 -0.2 -0.6 -0.32 -0.2 -0.6 -0.32
-0.2 -0.5 -0.2 -0.5 -0.21 -0.2 -0.5 -0.21
-0.2 -0.4 -0.2 -0.4 -0.12 -0.2 -0.4 -0.12
-0.2 -0.3 -0.2 -0.3 -0.05 -0.2 -0.3 -0.05
-0.2 -0.2 -0.2 -0.2 -1.6445e-15 -0.2 -0.2 4.191e-17
-0.2 -0.1 -0.2 -0.1 0.03 -0.2 -0.1 0.03
-0.2 0 -0.2 1.0408e-17 0.04 -0.2 1.3889e-18 0.04
-0.2 0.1 -0.2 0.1 0.03 -0.2 0.1 0.03
-0.2 0.2 -0.2 0.2 1.6445e-15 -0.2 0.2 -4.191e-17
-0.2 0.3 -0.2 0.3 -0.05 -0.2 0.3 -0.05
-0.2 0.4 -0.2 0.4 -0.12 -0.2 0.4 -0.12
-0.2 0.5 -0.2 0.5 -0.21 -0.2 0.5 -0.21
-0.2 0.6 -0.2 0.6 -0.32 -0.2 0.6 -0.32
-0.2 0.7 -0.2 0.7 -0.45 -0.2 0.7 -0.45
-0.2 0.8 -0.2 0.8 -0.6 -0.2 0.8 -0.6
-0.2 0.9 -0.2 0.9 -0.77 -0.2 0.9 -0.77
-0.2 1 -0.2 1 -0.96 -0.2 1 -0.96
-0.1 -1 -0.1 -1 -0.99 -0.1 -1 -0.99
-0.1 -0.9 -0.1 -0.9 -0.8 -0.1 -0.9 -0.8
-0.1 -0.8 -0.1 -0.8 -0.63 -0.1 -0.8 -0.63
-0.1 -0.7 -0.1 -0.7 -0.48 -0.1 -0.7 -0.48
-0.1 -0.6 -0.1 -0.6 -0.35 -0.1 -0.6 -0.35
-0.1 -0.5 -0.1 -0.5 -0.24 -0.1 -0.5 -0.24
-0.1 -0.4 -0.1 -0.4 -0.15 -0.1 -0.4 -0.15
-0.1 -0.3 -0.1 -0.3 -0.08 -0.1 -0.3 -0.08
-0.1 -0.2 -0.1 -0.2 -0.03 -0.1 -0.2 -0.03
-0.1 -0.1 -0.1 -0.1 -2.7062e-16 -0.1 -0.1 -4.139e-18
-0.1 0 -0.1 4.3368e-18 0.01 -0.1 3.3346e-21 0.01
-0.1 0.1 -0.1 0.1 2.7062e-16 -0.1 0.1 4.139e-18
-0.1 0.2 -0.1 0.2 -0.03 -0.1 0.2 -0.03
-0.1 0.3 -0.1 0.3 -0.08 -0.1 0.3 -0.08
-0.1 0.4 -0.1 0.4 -0.15 -0.1 0.4 -0.15
-0.1 0.5 -0.1 0.5 -0.24 -0.1 0.5 -0.24
-0.1 0.6 -0.1 0.6 -0.35 -0.1 0.6 -0.35
-0.1 0.7 -0.1 0.7 -0.48 -0.1 0.7 -0.48
-0.1 0.8 -0.1 0.8 -0.63 -0.1 0.8 -0.63
-0.1 0.9 -0.1 0.9 -0.8 -0.1 0.9 -0.8
-0.1 1 -0.1 1 -0.99 -0.1 1 -0.99
0 -1 3.6254e-17 -1 -1 -5.6298e-17 -1 -1
0 -0.9 1.23e-16 -0.9 -0.81 1.1335e-16 -0.9 -0.81
0 -0.8 1.4753e-17 -0.8 -0.64 -2.8081e-17 -0.8 -0.64
0 -0.7 -7.2018e-17 -0.7 -0.49 -6.8907e-17 -0.7 -0.49
0 -0.6 -8.4172e-17 -0.6 -0.36 3.1393e-18 -0.6 -0.36
0 -0.5 -7.177e-17 -0.5 -0.25 -4.1512e-17 -0.5 -0.25
0 -0.4 -3.3806e-18 -0.4 -0.16 -1.3015e-17 -0.4 -0.16
0 -0.3 2.1958e-17 -0.3 -0.09 -8.045e-19 -0.3 -0.09
0 -0.2 3.049e-17 -0.2 -0.04 6.2282e-19 -0.2 -0.04
0 -0.1 1.2777e-17 -0.1 -0.01 -1.3518e-19 -0.1 -0.01
0 0 -0 0 -0 0 0 0
0 0.1 -1.2777e-17 0.1 -0.01 1.3518e-19 0.1 -0.01
0 0.2 -3.049e-17 0.2 -0.04 -6.2282e-19 0.2 -0.04
0 0.3 -2.1958e-17 0.3 -0.09 8.045e-19 0.3 -0.09
0 0.4 3.3806e-18 0.4 -0.16 1.3015e-17 0.4 -0.16
0 0.5 7.177e-17 0.5 -0.25 4.1512e-17 0.5 -0.25
0 0.6 8.4172e-17 0.6 -0.36 -3.1393e-18 0.6 -0.36
0 0.7 7.2018e-17 0.7 -0.49 6.8907e-17 0.7 -0.49
0 0.8 -1.4753e-17 0.8 -0.64 2.8081e-17 0.8 -0.64
0 0.9 -1.23e-16 0.9 -0.81 -1.1335e-16 0.9 -0.81
0 1 -3.6254e-17 1 -1 5.6298e-17 1 -1
0.1 -1 0.1 -1 -0.99 0.1 -1 -0.99
0.1 -0.9 0.1 -0.9 -0.8 0.1 -0.9 -0.8
0.1 -0.8 0.1 -0.8 -0.63 0.1 -0.8 -0.63
0.1 -0.7 0.1 -0.7 -0.48 0.1 -0.7 -0.48
0.1 -0.6 0.1 -0.6 -0.35 0.1 -0.6 -0.35
0.1 -0.5 0.1 -0.5 -0.24 0.1 -0.5 -0.24
0.1 -0.4 0.1 -0.4 -0.15 0.1 -0.4 -0.15
0.1 -0.3 0.1 -0.3 -0.08 0.1 -0.3 -0.08
0.1 -0.2 0.1 -0.2 -0.03 0.1 -0.2 -0.03
0.1 -0.1 0.1 -0.1 2.7062e-16 0.1 -0.1 4.139e-18
0.1 0 0.1 -4.3368e-18 0.01 0.1 -3.3346e-21 0.01
0.1 0.1 0.1 0.1 -2.7062e-16 0.1 0.1 -4.139e-18
0.1 0.2 0.1 0.2 -0.03 0.1 0.2 -0.03
0.1 0.3 0.1 0.3 -0.08 0.1 0.3 -0.08
0.1 0.4 0.1 0.4 -0.15 0.1 0.4 -0.15
0.1 0.5 0.1 0.5 -0.24 0.1 0.5 -0.24
0.1 0.6 0.1 0.6 -0.35 0.1 0.6 -0.35
0.1 0.7 0.1 0.7 -0.48 0.1 0.7 -0.48
0.1 0.8 0.1 0.8 -0.63 0.1 0.8 -0.63
0.1 0.9 0.1 0.9 -0.8 0.1 0.9 -0.8
0.1 1 0.1 1 -0.99 0.1 1 -0.99
0.2 -1 0.2 -1 -0.96 0.2 -1 -0.96
0.2 -0.9 0.2 -0.9 -0.77 0.2 -0.9 -0.77
0.2 -0.8 0.2 -0.8 -0.6 0.2 -0.8 -0.6
0.2 -0.7 0.2 -0.7 -0.45 0.2 -0.7 -0.45
0.2 -0.6 0.2 -0.6 -0.32 0.2 -0.6 -0.32
0.2 -0.5 0.2 -0.5 -0.21 0.2 -0.5 -0.21
0.2 -0.4 0.2 -0.4 -0.12 0.2 -0.4 -0.12
0.2 -0.3 0.2 -0.3 -0.05 0.2 -0.3 -0.05
0.2 -0.2 0.2 -0.2 1.6445e-15 0.2 -0.2 -4.191e-17
0.2 -0.1 0.2 -0.1 0.03 0.2 -0.1 0.03
0.2 0 0.2 -1.0408e-17 0.04 0.2 -1.3889e-18 0.04
0.2 0.1 0.2 0.1 0.03 0.2 0.1 0.03
0.2 0.2 0.2 0.2 -1.6445e-15 0.2 0.2 4.191e-17
0.2 0.3 0.2 0.3 -0.05 0.2 0.3 -0.05
0.2 0.4 0.2 0.4 -0.12 0.2 0.4 -0.12
0.2 0.5 0.2 0.5 -0.21 0.2 0.5 -0.21
0.2 0.6 0.2 0.6 -0.32 0.2 0.6 -0.32
0.2 0.7 0.2 0.7 -0.45 0.2 0.7 -0.45
0.2 0.8 0.2 0.8 -0.6 0.2 0.8 -0.6
0.2 0.9 0.2 0.9 -0.77 0.2 0.9 -0.77
0.2 1 0.2 1 -0.96 0.2 1 -0.96
0.3 -1 0.3 -1 -0.91 0.3 -1 -0.91
0.3 -0.9 0.3 -0.9 -0.72 0.3 -0.9 -0.72
0.3 -0.8 0.3 -0.8 -0.55 0.3 -0.8 -0.55
0.3 -0.7 0.3 -0.7 -0.4 0.3 -0.7 -0.4
0.3 -0.6 0.3 -0.6 -0.27 0.3 -0.6 -0.27
0.3 -0.5 0.3 -0.5 -0.16 0.3 -0.5 -0.16
0.3 -0.4 0.3 -0.4 -0.07 0.3 -0.4 -0.07
0.3 -0.3 0.3 -0.3 -1.9429e-16 0.3 -0.3 -6.6558e-17
0.3 -0.2 0.3 -0.2 0.05 0.3 -0.2 0.05
0.3 -0.1 0.3 -0.1 0.08 0.3 -0.1 0.08
0.3 0 0.3 3.4694e-17 0.09 0.3 7.0296e-18 0.09
0.3 0.1 0.3 0.1 0.08 0.3 0.1 0.08
0.3 0.2 0.3 0.2 0.05 0.3 0.2 0.05
0.3 0.3 0.3 0.3 1.9429e-16 0.3 0.3 6.6558e-17
0.3 0.4 0.3 0.4 -0.07 0.3 0.4 -0.07
0.3 0.5 0.3 0.5 -0.16 0.3 0.5 -0.16
0.3 0.6 0.3 0.6 -0.27 0.3 0.6 -0.27
0.3 0.7 0.3 0.7 -0.4 0.3 0.7 -0.4
0.3 0.8 0.3 0.8 -0.55 0.3 0.8 -0.55
0.3 0.9 0.3 0.9 -0.72 0.3 0.9 -0.72
0.3 1 0.3 1 -0.91 0.3 1 -0.91
0.4 -1 0.4 -1 -0.84 0.4 -1 -0.84
0.4 -0.9 0.4 -0.9 -0.65 0.4 -0.9 -0.65
0.4 -0.8 0.4 -0.8 -0.48 0.4 -0.8 -0.48
0.4 -0.7 0.4 -0.7 -0.33 0.4 -0.7 -0.33
0.4 -0.6 0.4 -0.6 -0.2 0.4 -0.6 -0.2
0.4 -0.5 0.4 -0.5 -0.09 0.4 -0.5 -0.09
0.4 -0.4 0.4 -0.4 8.8818e-16 0.4 -0.4 3.8937e-17
0.4 -0.3 0.4 -0.3 0.07 0.4 -0.3 0.07
0.4 -0.2 0.4 -0.2 0.12 0.4 -0.2 0.12
0.4 -0.1 0.4 -0.1 0.15 0.4 -0.1 0.15
0.4 0 0.4 -1.1102e-16 0.16 0.4 -7.6469e-18 0.16
0.4 0.1 0.4 0.1 0.15 0.4 0.1 0.15
0.4 0.2 0.4 0.2 0.12 0.4 0.2 0.12
0.4 0.3 0.4 0.3 0.07 0.4 0.3 0.07
0.4 0.4 0.4 0.4 -8.8818e-16 0.4 0.4 -3.8937e-17
0.4 0.5 0.4 0.5 -0.09 0.4 0.5 -0.09
0.4 0.6 0.4 0.6 -0.2 0.4 0.6 -0.2
0.4 0.7 0.4 0.7 -0.33 0.4 0.7 -0.33
0.4 0.8 0.4 0.8 -0.48 0.4 0.8 -0.48
0.4 0.9 0.4 0.9 -0.65 0.4 0.9 -0.65
0.4 1 0.4 1 -0.84 0.4 1 -0.84
0.5 -1 0.5 -1 -0.75 0.5 -1 -0.75
0.5 -0.9 0.5 -0.9 -0.56 0.5 -0.9 -0.56
0.5 -0.8 0.5 -0.8 -0.39 0.5 -0.8 -0.39
0.5 -0.7 0.5 -0.7 -0.24 0.5 -0.7 -0.24
0.5 -0.6 0.5 -0.6 -0.11 0.5 -0.6 -0.11
0.5 -0.5 0.5 -0.5 -1.1102e-16 0.5 -0.5 3.4186e-18
0.5 -0.4 0.5 -0.4 0.09 0.5 -0.4 0.09
0.5 -0.3 0.5 -0.3 0.16 0.5 -0.3 0.16
0.5 -0.2 0.5 -0.2 0.21 0.5 -0.2 0.21
0.5 -0.1 0.5 -0.1 0.24 0.5 -0.1 0.24
0.5 0 0.5 -1.1796e-16 0.25 0.5 -3.7624e-17 0.25
0.5 0.1 0.5 0.1 0.24 0.5 0.1 0.24
0.5 0.2 0.5 0.2 0.21 0.5 0.2 0.21
0.5 0.3 0.5 0.3 0.16 0.5 0.3 0.16
0.5 0.4 0.5 0.4 0.09 0.5 0.4 0.09
0.5 0.5 0.5 0.5 1.1102e-16 0.5 0.5 -3.4186e-18
0.5 0.6 0.5 0.6 -0.11 0.5 0.6 -0.11
0.5 0.7 0.5 0.7 -0.24 0.5 0.7 -0.24
0.5 0.8 0.5 0.8 -0.39 0.5 0.8 -0.39
0.5 0.9 0.5 0.9 -0.56 0.5 0.9 -0.56
0.5 1 0.5 1 -0.75 0.5 1 -0.75
0.6 -1 0.6 -1 -0.64 0.6 -1 -0.64
0.6 -0.9 0.6 -0.9 -0.45 0.6 -0.9 -0.45
0.6 -0.8 0.6 -0.8 -0.28 0.6 -0.8 -0.28
0.6 -0.7 0.6 -0.7 -0.13 0.6 -0.7 -0.13
0.6 -0.6 0.6 -0.6 -5.5511e-17 0.6 -0.6 -5.8008e-17
0.6 -0.5 0.6 -0.5 0.11 0.6 -0.5 0.11
0.6 -0.4 0.6 -0.4 0.2 0.6 -0.4 0.2
0.6 -0.3 0.6 -0.3 0.27 0.6 -0.3 0.27
0.6 -0.2 0.6 -0.2 0.32 0.6 -0.2 0.32
0.6 -0.1 0.6 -0.1 0.35 0.6 -0.1 0.35
0.6 0 0.6 -2.7756e-17 0.36 0.6 4.2309e-17 0.36
0.6 0.1 0.6 0.1 0.35 0.6 0.1 0.35
0.6 0.2 0.6 0.2 0.32 0.6 0.2 0.32
0.6 0.3 0.6 0.3 0.27 0.6 0.3 0.27
0.6 0.4 0.6 0.4 0.2 0.6 0.4 0.2
0.6 0.5 0.6 0.5 0.11 0.6 0.5 0.11
0.6 0.6 0.6 0.6 5.5511e-17 0.6 0.6 5.8008e-17
0.6 0.7 0.6 0.7 -0.13 0.6 0.7 -0.13
0.6 0.8 0.6 0.8 -0.28 0.6 0.8 -0.28
0.6 0.9 0.6 0.9 -0.45 0.6 0.9 -0.45
0.6 1 0.6 1 -0.64 0.6 1 -0.64
0.7 -1 0.7 -1 -0.51 0.7 -1 -0.51
0.7 -0.9 0.7 -0.9 -0.32 0.7 -0.9 -0.32
0.7 -0.8 0.7 -0.8 -0.15 0.7 -0.8 -0.15
0.7 -0.7 0.7 -0.7 -3.0531e-16 0.7 -0.7 2.8978e-16
0.7 -0.6 0.7 -0.6 0.13 0.7 -0.6 0.13
0.7 -0.5 0.7 -0.5 0.24 0.7 -0.5 0.24
0.7 -0.4 0.7 -0.4 0.33 0.7 -0.4 0.33
0.7 -0.3 0.7 -0.3 0.4 0.7 -0.3 0.4
0.7 -0.2 0.7 -0.2 0.45 0.7 -0.2 0.45
0.7 -0.1 0.7 -0.1 0.48 0.7 -0.1 0.48
0.7 0 0.7 7.9103e-16 0.49 0.7 2.2331e-18 0.49
0.7 0.1 0.7 0.1 0.48 0.7 0.1 0.48
0.7 0.2 0.7 0.2 0.45 0.7 0.2 0.45
0.7 0.3 0.7 0.3 0.4 0.7 0.3 0.4
0.7 0.4 0.7 0.4 0.33 0.7 0.4 0.33
0.7 0.5 0.7 0.5 0.24 0.7 0.5 0.24
0.7 0.6 0.7 0.6 0.13 0.7 0.6 0.13
0.7 0.7 0.7 0.7 3.0531e-16 0.7 0.7 -2.8978e-16
0.7 0.8 0.7 0.8 -0.15 0.7 0.8 -0.15
0.7 0.9 0.7 0.9 -0.32 0.7 0.9 -0.32
0.7 1 0.7 1 -0.51 0.7 1 -0.51
0.8 -1 0.8 -1 -0.36 0.8 -1 -0.36
0.8 -0.9 0.8 -0.9 -0.17 0.8 -0.9 -0.17
0.8 -0.8 0.8 -0.8 -4.4409e-16 0.8 -0.8 -8.782e-17
0.8 -0.7 0.8 -0.7 0.15 0.8 -0.7 0.15
0.8 -0.6 0.8 -0.6 0.28 0.8 -0.6 0.28
0.8 -0.5 0.8 -0.5 0.39 0.8 -0.5 0.39
0.8 -0.4 0.8 -0.4 0.48 0.8 -0.4 0.48
0.8 -0.3 0.8 -0.3 0.55 0.8 -0.3 0.55
0.8 -0.2 0.8 -0.2 0.6 0.8 -0.2 0.6
0.8 -0.1 0.8 -0.1 0.63 0.8 -0.1 0.63
0.8 0 0.8 -8.3267e-17 0.64 0.8 -1.1011e-16 0.64
0.8 0.1 0.8 0.1 0.63 0.8 0.1 0.63
0.8 0.2 0.8 0.2 0.6 0.8 0.2 0.6
0.8 0.3 0.8 0.3 0.55 0.8 0.3 0.55
0.8 0.4 0.8 0.4 0.48 0.8 0.4 0.48
0.8 0.5 0.8 0.5 0.39 0.8 0.5 0.39
0.8 0.6 0.8 0.6 0.28 0.8 0.6 0.28
0.8 0.7 0.8 0.7 0.15 0.8 0.7 0.15
0.8 0.8 0.8 0.8 4.4409e-16 0.8 0.8 8.782e-17
0.8 0.9 0.8 0.9 -0.17 0.8 0.9 -0.17
0.8 1 0.8 1 -0.36 0.8 1 -0.36
0.9 -1 0.9 -1 -0.19 0.9 -1 -0.19
0.9 -0.9 0.9 -0.9 -7.2164e-16 0.9 -0.9 5.5005e-17
0.9 -0.8 0.9 -0.8 0.17 0.9 -0.8 0.17
0.9 -0.7 0.9 -0.7 0.32 0.9 -0.7 0.32
0.9 -0.6 0.9 -0.6 0.45 0.9 -0.6 0.45
0.9 -0.5 0.9 -0.5 0.56 0.9 -0.5 0.56
0.9 -0.4 0.9 -0.4 0.65 0.9 -0.4 0.65
0.9 -0.3 0.9 -0.3 0.72 0.9 -0.3 0.72
0.9 -0.2 0.9 -0.2 0.77 0.9 -0.2 0.77
0.9 -0.1 0.9 -0.1 0.8 0.9 -0.1 0.8
0.9 0 0.9 -2.7756e-17 0.81 0.9 1.5363e-16 0.81
0.9 0.1 0.9 0.1 0.8 0.9 0.1 0.8
0.9 0.2 0.9 0.2 0.77 0.9 0.2 0.77
0.9 0.3 0.9 0.3 0.72 0.9 0.3 0.72
0.9 0.4 0.9 0.4 0.65 0.9 0.4 0.65
0.9 0.5 0.9 0.5 0.56 0.9 0.5 0.56
0.9 0.6 0.9 0.6 0.45 0.9 0.6 0.45
0.9 0.7 0.9 0.7 0.32 0.9 0.7 0.32
0.9 0.8 0.9 0.8 0.17 0.9 0.8 0.17
0.9 0.9 0.9 0.9 7.2164e-16 0.9 0.9 -5.5005e-17
0.9 1 0.9 1 -0.19 0.9 1 -0.19
1 -1 1 -1 4.4409e-16 1 -1 2.2449e-16
1 -0.9 1 -0.9 0.19 1 -0.9 0.19
1 -0.8 1 -0.8 0.36 1 -0.8 0.36
1 -0.7 1 -0.7 0.51 1 -0.7 0.51
1 -0.6 1 -0.6 0.64 1 -0.6 0.64
1 -0.5 1 -0.5 0.75 1 -0.5 0.75
1 -0.4 1 -0.4 0.84 1 -0.4 0.84
1 -0.3 1 -0.3 0.91 1 -0.3 0.91
1 -0.2 1 -0.2 0.96 1 -0.2 0.96
1 -0.1 1 -0.1 0.99 1 -0.1 0.99
1 0 1 5.2736e-16 1 1 3.2381e-16 1
1 0.1 1 0.1 0.99 1 0.1 0.99
1 0.2 1 0.2 0.96 1 0.2 0.96
1 0.3 1 0.3 0.91 1 0.3 0.91
1 0.4 1 0.4 0.84 1 0.4 0.84
1 0.5 1 0.5 0.75 1 0.5 0.75
1 0.6 1 0.6 0.64 1 0.6 0.64
1 0.7 1 0.7 0.51 1 0.7 0.51
1 0.8 1 0.8 0.36 1 0.8 0.36
1 0.9 1 0.9 0.19 1 0.9 0.19
1 1 1 1 -4.4409e-16 1 1 -2.2449e-16
