-6.2832 -0 0 2.4493e-16 0.24413 -0.17171 0
-6.2204 -0 0 0.062832 0.23482 -0.18022 0
-6.1575 -0 0 0.12566 0.22523 -0.18872 0
-6.0947 -0 0 0.1885 0.21536 -0.19719 0
-6.0319 -0 0 0.25133 0.2052 -0.20564 0
-5.969 -0 0 0.31416 0.19475 -0.21408 0
-5.9062 -0 0 0.37699 0.184 -0.22249 0
-5.8434 -0 0 0.43982 0.17295 -0.23089 0
-5.7805 -0 0 0.50265 0.16157 -0.23928 0
-5.7177 -0 0 0.56549 0.14988 -0.24764 0
-5.6549 -0 0 0.62832 0.13786 -0.256 0
-5.592 -0 0 0.69115 0.12549 -0.26433 0
-5.5292 -0 0 0.75398 0.11279 -0.27266 0
-5.4664 -0 0 0.81681 0.09972 -0.28098 0
-5.4035 -0 0 0.87965 0.086288 -0.28928 0
-5.3407 -0 0 0.94248 0.07248 -0.29758 0
-5.2779 -0 0 1.0053 0.058285 -0.30586 0
-5.215 -0 0 1.0681 0.043692 -0.31414 0
-5.1522 -0 0 1.131 0.028688 -0.32241 0
-5.0894 -0 0 1.1938 0.01326 -0.33067 0
-5.0265 -0 0 1.2566 -0.0026036 -0.33893 0
-4.9637 -0 0 1.3195 -0.018918 -0.34718 0
-4.9009 -0 0 1.3823 -0.035698 -0.35543 0
-4.8381 -0 0 1.4451 -0.052958 -0.36367 0
-4.7752 -0 0 1.508 -0.070716 -0.37192 0
-4.7124 -0 0 1.5708 -0.088989 -0.38015 0
-4.6496 -0 0 1.6336 -0.10779 -0.38839 0
-4.5867 -0 0 1.6965 -0.12715 -0.39663 0
-4.5239 -0 0 1.7593 -0.14708 -0.40487 0
-4.4611 -0 0 1.8221 -0.16761 -0.4131 0
-4.3982 -0 0 1.885 -0.18875 -0.42134 0
-4.3354 -0 0 1.9478 -0.21054 -0.42958 0
-4.2726 -0 0 2.0106 -0.23299 -0.43782 0
-4.2097 -0 0 2.0735 -0.25614 -0.44607 0
-4.1469 -0 0 2.1363 -0.28001 -0.45432 0
-4.0841 -0 0 2.1991 -0.30463 -0.46258 0
-4.0212 -0 0 2.2619 -0.33004 -0.47084 0
-3.9584 -0 0 2.3248 -0.35628 -0.47911 0
-3.8956 -0 0 2.3876 -0.38337 -0.48738 0
-3.8327 -0 0 2.4504 -0.41136 -0.49566 0
-3.7699 -0 0 2.5133 -0.44029 -0.50395 0
-3.7071 -0 0 2.5761 -0.47021 -0.51225 0
-3.6442 -0 0 2.6389 -0.50116 -0.52056 0
-3.5814 -0 0 2.7018 -0.5332 -0.52888 0
-3.5186 -0 0 2.7646 -0.56637 -0.5372 0
-3.4558 -0 0 2.8274 -0.60075 -0.54555 0
-3.3929 -0 0 2.8903 -0.63639 -0.5539 0
-3.3301 -0 0 2.9531 -0.67336 -0.56227 0
-3.2673 -0 0 3.0159 -0.71173 -0.57065 0
-3.2044 -0 0 3.0788 -0.75159 -0.57904 0
-3.1416 -0 0 3.1416 -0.79302 -0.58745 0
-3.0788 -0 0 -3.0788 0.80333 0.57251 0
-3.0159 -0 0 -3.0159 0.81321 0.55783 0
-2.9531 -0 0 -2.9531 0.82268 0.54341 0
-2.8903 -0 0 -2.8903 0.83177 0.52922 0
-2.8274 -0 0 -2.8274 0.84049 0.51525 0
-2.7646 -0 0 -2.7646 0.84886 0.5015 0
-2.7018 -0 0 -2.7018 0.85689 0.48794 0
-2.6389 -0 0 -2.6389 0.86461 0.47458 0
-2.5761 -0 0 -2.5761 0.87201 0.46139 0
-2.5133 -0 0 -2.5133 0.87912 0.44837 0
-2.4504 -0 0 -2.4504 0.88595 0.43551 0
-2.3876 -0 0 -2.3876 0.89251 0.4228 0
-2.3248 -0 0 -2.3248 0.8988 0.41024 0
-2.2619 -0 0 -2.2619 0.90484 0.39781 0
-2.1991 -0 0 -2.1991 0.91063 0.38551 0
-2.1363 -0 0 -2.1363 0.91619 0.37333 0
-2.0735 -0 0 -2.0735 0.92152 0.36127 0
-2.0106 -0 0 -2.0106 0.92663 0.34932 0
-1.9478 -0 0 -1.9478 0.93152 0.33748 0
-1.885 -0 0 -1.885 0.93621 0.32573 0
-1.8221 -0 0 -1.8221 0.9407 0.31408 0
-1.7593 -0 0 -1.7593 0.94499 0.30252 0
-1.6965 -0 0 -1.6965 0.94909 0.29104 0
-1.6336 -0 0 -1.6336 0.953 0.27964 0
-1.5708 -0 0 -1.5708 0.95673 0.26832 0
-1.508 -0 0 -1.508 0.96029 0.25707 0
-1.4451 -0 0 -1.4451 0.96367 0.24589 0
-1.3823 -0 0 -1.3823 0.96689 0.23477 0
-1.3195 -0 0 -1.3195 0.96994 0.22371 0
-1.2566 -0 0 -1.2566 0.97282 0.21271 0
-1.1938 -0 0 -1.1938 0.97555 0.20176 0
-1.131 -0 0 -1.131 0.97812 0.19086 0
-1.0681 -0 0 -1.0681 0.98054 0.18001 0
-1.0053 -0 0 -1.0053 0.98281 0.1692 0
-0.94248 -0 0 -0.94248 0.98493 0.15844 0
-0.87965 -0 0 -0.87965 0.9869 0.14771 0
-0.81681 -0 0 -0.81681 0.98873 0.13701 0
-0.75398 -0 0 -0.75398 0.99042 0.12635 0
-0.69115 -0 0 -0.69115 0.99196 0.11572 0
-0.62832 -0 0 -0.62832 0.99337 0.10512 0
-0.56549 -0 0 -0.56549 0.99464 0.094537 0
-0.50265 -0 0 -0.50265 0.99577 0.083979 0
-0.43982 -0 0 -0.43982 0.99676 0.073439 0
-0.37699 -0 0 -0.37699 0.99762 0.062917 0
-0.31416 -0 0 -0.31416 0.99835 0.052409 0
-0.25133 -0 0 -0.25133 0.99895 0.041913 0
-0.1885 -0 0 -0.1885 0.99941 0.031427 0
-0.12566 -0 0 -0.12566 0.99974 0.020947 0
-0.062832 -0 0 -0.062832 0.99993 0.010472 0
1e-06 -0 0 1e-06 1 -1.6667e-07 0
0.062832 -0 0 0.062832 0.99993 -0.010472 0
0.12566 -0 0 0.12566 0.99974 -0.020947 0
0.1885 -0 0 0.1885 0.99941 -0.031427 0
0.25133 -0 0 0.25133 0.99895 -0.041913 0
0.31416 -0 0 0.31416 0.99835 -0.052409 0
0.37699 -0 0 0.37699 0.99762 -0.062917 0
0.43982 -0 0 0.43982 0.99676 -0.073439 0
0.50265 -0 0 0.50265 0.99577 -0.083979 0
0.56549 -0 0 0.56549 0.99464 -0.094537 0
0.62832 -0 0 0.62832 0.99337 -0.10512 0
0.69115 -0 0 0.69115 0.99196 -0.11572 0
0.75398 -0 0 0.75398 0.99042 -0.12635 0
0.81681 -0 0 0.81681 0.98873 -0.13701 0
0.87965 -0 0 0.87965 0.9869 -0.14771 0
0.94248 -0 0 0.94248 0.98493 -0.15844 0
1.0053 -0 0 1.0053 0.98281 -0.1692 0
1.0681 -0 0 1.0681 0.98054 -0.18001 0
1.131 -0 0 1.131 0.97812 -0.19086 0
1.1938 -0 0 1.1938 0.97555 -0.20176 0
1.2566 -0 0 1.2566 0.97282 -0.21271 0
1.3195 -0 0 1.3195 0.96994 -0.22371 0
1.3823 -0 0 1.3823 0.96689 -0.23477 0
1.4451 -0 0 1.4451 0.96367 -0.24589 0
1.508 -0 0 1.508 0.96029 -0.25707 0
1.5708 -0 0 1.5708 0.95673 -0.26832 0
1.6336 -0 0 1.6336 0.953 -0.27964 0
1.6965 -0 0 1.6965 0.94909 -0.29104 0
1.7593 -0 0 1.7593 0.94499 -0.30252 0
1.8221 -0 0 1.8221 0.9407 -0.31408 0
1.885 -0 0 1.885 0.93621 -0.32573 0
1.9478 -0 0 1.9478 0.93152 -0.33748 0
2.0106 -0 0 2.0106 0.92663 -0.34932 0
2.0735 -0 0 2.0735 0.92152 -0.36127 0
2.1363 -0 0 2.1363 0.91619 -0.37333 0
2.1991 -0 0 2.1991 0.91063 -0.38551 0
2.2619 -0 0 2.2619 0.90484 -0.39781 0
2.3248 -0 0 2.3248 0.8988 -0.41024 0
2.3876 -0 0 2.3876 0.89251 -0.4228 0
2.4504 -0 0 2.4504 0.88595 -0.43551 0
2.5133 -0 0 2.5133 0.87912 -0.44837 0
2.5761 -0 0 2.5761 0.87201 -0.46139 0
2.6389 -0 0 2.6389 0.86461 -0.47458 0
2.7018 -0 0 2.7018 0.85689 -0.48794 0
2.7646 -0 0 2.7646 0.84886 -0.5015 0
2.8274 -0 0 2.8274 0.84049 -0.51525 0
2.8903 -0 0 2.8903 0.83177 -0.52922 0
2.9531 -0 0 2.9531 0.82268 -0.54341 0
3.0159 -0 0 3.0159 0.81321 -0.55783 0
3.0788 -0 0 3.0788 0.80333 -0.57251 0
3.1416 -0 0 -3.1416 -0.79302 0.58745 0
3.2044 -0 0 -3.0788 -0.75159 0.57904 0
3.2673 -0 0 -3.0159 -0.71173 0.57065 0
3.3301 -0 0 -2.9531 -0.67336 0.56227 0
3.3929 -0 0 -2.8903 -0.63639 0.5539 0
3.4558 -0 0 -2.8274 -0.60075 0.54555 0
3.5186 -0 0 -2.7646 -0.56637 0.5372 0
3.5814 -0 0 -2.7018 -0.5332 0.52888 0
3.6442 -0 0 -2.6389 -0.50116 0.52056 0
3.7071 -0 0 -2.5761 -0.47021 0.51225 0
3.7699 -0 0 -2.5133 -0.44029 0.50395 0
3.8327 -0 0 -2.4504 -0.41136 0.49566 0
3.8956 -0 0 -2.3876 -0.38337 0.48738 0
3.9584 -0 0 -2.3248 -0.35628 0.47911 0
4.0212 -0 0 -2.2619 -0.33004 0.47084 0
4.0841 -0 0 -2.1991 -0.30463 0.46258 0
4.1469 -0 0 -2.1363 -0.28001 0.45432 0
4.2097 -0 0 -2.0735 -0.25614 0.44607 0
4.2726 -0 0 -2.0106 -0.23299 0.43782 0
4.3354 -0 0 -1.9478 -0.21054 0.42958 0
4.3982 -0 0 -1.885 -0.18875 0.42134 0
4.4611 -0 0 -1.8221 -0.16761 0.4131 0
4.5239 -0 0 -1.7593 -0.14708 0.40487 0
4.5867 -0 0 -1.6965 -0.12715 0.39663 0
4.6496 -0 0 -1.6336 -0.10779 0.38839 0
4.7124 -0 0 -1.5708 -0.088989 0.38015 0
4.7752 -0 0 -1.508 -0.070716 0.37192 0
4.8381 -0 0 -1.4451 -0.052958 0.36367 0
4.9009 -0 0 -1.3823 -0.035698 0.35543 0
4.9637 -0 0 -1.3195 -0.018918 0.34718 0
5.0265 -0 0 -1.2566 -0.0026036 0.33893 0
5.0894 -0 0 -1.1938 0.01326 0.33067 0
5.1522 -0 0 -1.131 0.028688 0.32241 0
5.215 -0 0 -1.0681 0.043692 0.31414 0
5.2779 -0 0 -1.0053 0.058285 0.30586 0
5.3407 -0 0 -0.94248 0.07248 0.29758 0
5.4035 -0 0 -0.87965 0.086288 0.28928 0
5.4664 -0 0 -0.81681 0.09972 0.28098 0
5.5292 -0 0 -0.75398 0.11279 0.27266 0
5.592 -0 0 -0.69115 0.12549 0.26433 0
5.6549 -0 0 -0.62832 0.13786 0.256 0
5.7177 -0 0 -0.56549 0.14988 0.24764 0
5.7805 -0 0 -0.50265 0.16157 0.23928 0
5.8434 -0 0 -0.43982 0.17295 0.23089 0
5.9062 -0 0 -0.37699 0.184 0.22249 0
5.969 -0 0 -0.31416 0.19475 0.21408 0
6.0319 -0 0 -0.25133 0.2052 0.20564 0
6.0947 -0 0 -0.1885 0.21536 0.19719 0
6.1575 -0 0 -0.12566 0.22523 0.18872 0
6.2204 -0 0 -0.062832 0.23482 0.18022 0
6.2832 -0 0 -2.4493e-16 0.24413 0.17171 0
